7662
971
8861
815
3585
5371
2711
8913
3751
922
3128
5665
1365
135
3060
4205
5034
7319
5609
9077
8713
1121
8185
957
1838
3418
4828
2264
8579
4315
6032
3596
6482
3932
7164
7197
8319
3818
549
7029
9578
2875
9887
677
2425
5906
4188
4938
2937
6136
4450
6349
9690
9980
3306
730
2441
7105
548
8404
4347
3897
1207
5574
8281
1543
1064
6930
3963
5087
7185
9728
3669
1857
9299
71
2873
5955
2165
9675
9016
7164
8079
2485
1531
5855
6212
5233
202
1249
9071
3799
1491
9739
7116
5579
5117
1425
1251
1613
2172
7824
9296
1919
6373
7258
5324
9861
3169
8071
3124
5713
9969
8713
1281
7488
2032
5923
367
7995
1093
291
6266
605
1833
7484
952
2208
8682
2603
1285
8051
8339
4595
6833
3302
2360
5933
7986
7782
3550
6204
2530
9268
4395
4321
1094
9071
4473
328
5460
4014
4958
5799
7528
6809
6466
3505
4596
1449
7338
2103
4895
3601
5168
8415
4667
7627
1393
6489
5086
6274
4489
8756
3269
226
4802
576
4559
6271
4576
3456
5023
9705
9771
1781
811
1167
1342
4705
6122
2536
8690
5453
4266
4487
739
4415
2340
179
4473
4341
5935
5067
9461
459
1997
9977
9640
7594
9897
4805
9001
4830
9882
1516
3898
5712
9528
1108
5604
1769
3261
6892
2061
9862
7247
8889
5116
2432
8096
1955
4913
9898
2459
7273
4349
7622
4738
5333
2284
6396
341
7723
9733
2989
9559
639
5983
4450
8772
3365
2296
5266
7932
1993
4479
750
737
1673
9838
1796
6863
6369
5176
8810
921
6158
1887
9308
7194
946
55
2274
1789
3504
886
1046
3169
5110
564
9787
838
5538
1034
573
7335
5121
297
4472
1117
6939
3069
7397
138
512
7609
1565
3349
8367
3523
4243
9115
6733
6363
127
8323
7989
8344
3308
5745
739
8722
223
645
8331
4896
6476
6940
3793
1916
4798
6923
2087
870
396
6302
7684
6305
809
6610
5757
6285
9347
1533
1013
182
7493
6874
1516
6604
819
2228
168
6453
294
2423
8761
2959
87
1788
6488
6024
7703
8852
5850
1565
5121
6291
56
8225
7798
5233
7194
2128
7908
4793
7209
4396
5750
7278
253
8575
3515
6850
7031
9013
9364
5590
243
8906
8042
4505
7231
6499
9783
7854
1160
8070
7467
7392
1723
2796
6111
850
5891
8752
6177
4248
4019
3390
9526
6723
7316
6459
8680
2935
4424
9864
9609
1688
8726
369
3776
2142
1820
7863
8129
708
1781
4065
2841
7144
7187
8354
8014
1109
9257
309
7750
5649
1843
8762
9423
7092
7041
9401
9015
4182
6794
4826
9423
4642
6349
2152
9498
9284
4201
5927
859
4945
7585
3563
5260
2963
9790
2656
7300
7047
2952
6496
8477
2967
9863
5223
7819
1668
357
3603
460
3288
472
9868
6128
8101
8221
6683
7262
3470
4304
1532
1640
8011
5455
4841
9486
9794
4333
471
9743
4428
7850
3777
30
806
1465
1818
2017
6079
4719
2262
445
6253
8432
2769
6811
2826
3370
3865
7099
9714
4741
2351
846
3887
7173
9012
6975
6191
1716
5513
5652
1685
5684
5949
6624
8723
626
1005
8733
6901
4002
2619
3432
2532
184
6833
2979
3962
5217
9091
4683
5157
799
9495
3812
1899
9837
1537
4472
7452
1376
10000
6654
7850
5240
7163
1851
7656
8683
7319
8296
2587
154
8001
7660
6684
3519
5905
6271
3493
8425
523
4965
4227
438
3861
4618
6772
582
8416
3628
4720
6404
1924
8671
69
5949
1540
3055
2318
8953
8784
9799
4747
3855
1669
9550
6558
1775
2214
3356
1035
5154
6622
1575
3487
5607
7320
8253
6521
8314
540
2276
3132
4103
233
3418
942
6917
6431
5499
7643
2524
5480
6642
5048
8901
8695
934
1685
8406
1251
2581
2654
3903
5573
7171
6033
7760
1306
6753
1505
1880
7995
662
6001
1317
8017
5290
8866
8670
197
8598
165
3976
8456
8222
6410
6128
9328
7635
3621
3244
4137
2671
6726
659
2890
655
5442
4440
3759
6229
337
5925
9677
3366
2237
466
7260
86
1382
5993
1943
4538
8678
5521
4356
8404
6038
5737
4369
4895
8595
4523
4881
9894
2998
5584
4132
4614
8526
8156
1802
1952
7926
7473
4512
1943
8157
9842
4259
4767
997
3132
8789
2642
5430
1051
7791
4609
4068
596
6515
3116
3747
1293
6796
960
653
2679
5517
8871
3304
5151
7007
2216
7878
9092
7496
3812
2290
9236
3803
3910
2119
2858
1014
3809
9507
6622
4037
5704
6588
4544
8215
1731
8332
7461
8572
9259
8370
6716
249
4074
3759
2064
8528
8817
3449
7861
9872
1093
3627
5350
6309
4514
7394
7268
5818
6862
4743
6048
7552
5415
4646
4418
9037
8789
3118
17
7628
7455
4817
9071
5343
5794
5679
1725
4778
7953
5906
5318
9368
4685
2885
1174
8704
1269
7740
5546
4179
8398
4610
5768
1284
2038
2214
8685
7683
7396
9050
4161
7184
4016
8360
7136
6483
6475
8736
2451
107
829
4499
3294
9727
4968
4433
8629
1904
3715
1341
1445
1163
8198
5177
2726
5406
6269
9599
2486
2378
8309
2403
9767
4277
9620
4277
5195
2937
9062
7860
9116
781
1741
947
614
7629
8276
9888
3331
435
6426
4191
923
1852
6250
2620
3984
4551
8579
4861
6332
1483
1615
6573
8387
1533
4445
2640
6782
1755
8747
814
1531
4093
2471
6302
1226
8247
5392
9466
1727
3891
1932
8623
6567
9981
6549
7835
1109
2739
5292
3793
1229
2545
5852
714
8640
2820
1876
2493
2595
3322
2958
4956
192
2223
1245
8666
1118
3299
5987
3892
926
6481
5865
1686
8154
8288
7323
5459
1809
7989
4472
9576
8731
1700
8747
9463
9457
7005
1730
4353
6743
9982
331
8373
9218
7629
9530
9967
5266
7255
680
2500
929
4001
8751
8112
5971
981
4949
3902
4899
6455
52
7823
4772
7708
8440
94
6340
9816
691
1292
5485
1270
9448
3337
6859
6059
5366
1027
5538
2963
5192
1614
3894