1370
1996
3278
1705
9481
8473
8116
3430
1478
2993
3417
406
2612
3515
3746
8725
3361
7051
8648
6272
4839
4941
3169
7258
7887
4460
8296
1692
3373
9196
9949
8163
8191
6867
7394
7660
4525
7815
1537
6078
2506
6103
3536
2671
8257
6275
1099
8839
6473
6546
2915
108
701
1471
7284
988
8884
9089
8734
7355
6154
4170
6976
4370
482
6579
4178
9473
5824
132
9973
503
443
7253
4736
334
1312
8942
1881
4843
8447
1343
185
9154
5256
4521
5854
4883
2267
4889
2443
755
6251
6935
6079
8890
7449
5061
4149
2246
3178
676
2185
2635
7581
1269
5398
839
9774
5036
9911
1738
7033
5217
1859
4217
4790
5138
3980
4424
6078
2986
8386
1850
5614
1506
9981
8196
8272
8261
2927
8503
9084
9357
5624
3182
1514
9871
676
4484
3360
7277
9896
7148
2313
7053
5439
8072
2094
1454
9979
6478
9273
4676
705
1072
3844
9766
8854
8656
4646
27
2533
4542
1131
7979
4961
8216
8728
5590
873
3624
2204
2702
5347
4565
8831
4144
604
9073
8986
1602
3151
8199
8912
7703
3360
5990
439
274
9043
8300
5889
1287
4464
2457
2036
1681
5383
9964
7141
2357
3203
9734
118
8426
320
9619
6994
7233
6330
3386
3747
4327
9210
2573
2916
9824
7126
1386
1642
9681
8997
7250
1181
7727
8486
8334
3313
7029
403
7944
4779
1426
9728
2328
383
8706
245
5431
3116
4522
8732
6926
5821
2922
8464
7452
3600
4571
4009
7823
4904
3199
6271
208
6213
4969
1038
5714
606
8278
7401
8525
9698
4637
9742
6750
799
9033
7903
20
3327
8044
2051
2874
907
1990
4910
9069
4092
6529
6858
7462
7275
6894
4192
2080
9393
9391
4281
9030
2873
6630
5206
1349
3057
4991
3130
4217
7711
2678
4327
2940
8628
1754
2717
958
4553
2128
1480
5401
8899
4712
4401
476
4514
6646
7280
6699
1162
9366
5649
2786
4355
5493
6191
8976
980
4088
4424
8556
5965
6817
1209
4476
8287
4428
7296
4281
3470
7962
9191
3416
4576
7711
5169
7652
443
6398
7477
8418
8877
460
5206
779
734
3731
2433
476
7924
3305
8505
6611
4506
7763
8330
8131
455
8840
7459
1061
3058
7420
5862
9219
7628
5235
8797
1226
7503
7540
2225
4218
9093
9158
7080
6455
578
3727
1316
693
5035
1865
8500
4266
9770
3836
5505
1479
4880
8807
723
9881
6669
1050
201
6095
2145
4541
5187
4824
1214
4795
9424
7908
7520
4142
8966
8097
9348
2171
8802
7983
7660
888
7114
7252
8666
8817
7089
2143
9521
6485
9153
432
3950
8475
3437
8713
3109
254
3475
9530
8695
8905
2215
9685
3069
4406
4797
6024
7115
9637
1656
1709
5130
6606
5616
2352
3319
2713
2176
7076
6534
4323
8703
9064
3754
4629
812
4034
2488
3406
8917
4486
4291
3443
4971
6731
4727
4085
2573
3357
2742
1293
220
1111
1151
3703
1945
5607
6511
4691
7120
9808
2028
6364
5980
8667
2094
1332
9995
4260
5138
8361
2565
7997
1896
4961
5241
2091
7080
9375
8149
5873
449
5299
3171
6384
6110
7097
9445
4402
8598
2074
4095
1909
7193
319
7392
7187
5869
2793
6378
2883
2376
8056
884
2100
296
8603
3470
4259
8395
6418
1886
6043
905
8713
388
5748
6391
1975
3323
1405
9493
3854
7970
1456
4243
8749
484
3289
4670
9698
8425
6778
5773
8707
2752
4247
2682
9989
1585
2465
6736
6719
3256
1274
920
5306
7298
1319
2382
5212
3560
7732
3907
7226
6754
6342
9134
8606
8396
4212
243
834
9336
3019
5782
1245
8325
1965
9733
2982
7697
7533
5898
7378
7193
4864
7781
4206
4823
1648
806
1718
4289
24
2799
6691
4289
2376
6248
3759
9380
9866
2821
1806
1609
4310
8480
1013
4588
9636
8134
4534
2405
9898
6463
6684
2581
3467
6170
1492
9328
3462
8266
9680
4846
830
3614
2279
1710
8701
1851
7088
5276
3061
4784
3857
7930
6843
4545
9752
7860
9100
8272
4431
8078
4859
326
8604
5695
6290
8356
788
7351
1592
1767
2192
2138
1705
7532
8216
1189
5580
1976
1974
4173
4879
9424
2756
8073
568
8190
8331
7502
9663
7617
9053
8459
686
3935
9895
2310
6730
6934
3029
8557
579
1695
3098
3127
4039
7213
8434
5277
7280
1301
6067
1714
2302
4100
6802
1572
2737
6688
1592
3175
8270
475
9046
4583
2212
9189
7862
5244
4095
2721
6452
3520
6355
732
1652
2242
4656
9744
7457
3587
9201
3562
1171
5163
6749
1541
5658
8328
4242
1635
1503
8336
4538
3662
4437
1222
73
910
9491
8869
7314
1624
1357
2588
9421
7889
8591
883
776
4818
6560
1626
9312
135
3994
1008
9132
480
9139
9900
459
5801
2809
9220
2278
4682
9773
4497
4225
7189
6830
2742
746
1228
3514
1015
7735
3013
4795
778
3636
7271
5634
447
6791
1168
2095
9936
1825
6450
6480
9695
5497
6268
628
6358
7358
3246
1786
5469
3262
2043
2516
7920
4470
7555
5689
8996
3972
3296
4125
9972
7942
4115
787
2145
9969
9116
3079
9645
4219
1912
6938
4885
3199
1918
5014
5296
6085
1844
8881
1352
3766
1952
9403
8443
2317
1133
459
5746
6179
1432
2365
7647
4622
373
9225
9251
8394
9531
5290
1435
6590
1578
693
81
348
9918
9791
3584
4987
7627
7602
6526
1253
8299
7502
507
7054
403
389
9983
2382
4022
9339
533
3631
5075
4362
2220
8743
6920
9324
469
8526
4854
2855
3728
2397
5507
3124
8241
663
7887
8664
7524
6153
5191
6234
1396
8388
5943
5963
474
3064
7261
1432
2822
5199
7956
9269
7043
4373
5098
6292
8124
1760
682
8743
8468
4772
6510
1488
2385
6305
2520
2363
8264
1231
7684
7659
9008
307
1727
1751
6696
85
7718
664
1774
9558
660
1021
7799
3578
3606
5530
4650
3388
1749
9854
490
870
3944
7377
9942
5428
6312
8501
9997
298
2640
1958
8099
2999
1012
9195
7
3330
6405
6394
9120
4448
9027
7380
138
9316
1433
6529
4245
7034
6496
4284
3621
3215
5189
2689
7260
7482
1014
3086
4765
5444
1054
3649
885
8199
871
3731
3152
1825
200
1234
4241
8822
7570
5020
1990
9845
2942
5632
7157
84
8250
34
880
6655
1190
2236
1105
1546
5046
7151
1992
6862
7946
6354
7862
7721
1171
450
5039
4306
2925
1081
4609
1481
5052
9680
304
852
4953
3635
8727
6970
7714
4132
6806
4295
9248
8713
8700
859
6973
3695
6955
4570
3556
4750
4249
2508
1100
1820
8166
6306
9873
6482
3989
9036
1611
4624
8670
8815
8406
1638
9699
6112
9176
8818
6061
9753
1768
9317
3574
7601
9726
8375
3272
7472
8393
3352
9496
9415
4630
756
2718
2988
6086
3012
9182
4871
7865
1520
2385
3481
5642
8208
2924
977
3040
5743
705
2247
9177
8911
7254
4907
791
1103
270
2353
6184
5101
5325
4500
5268
3439
7601
9912
82
4135
2664
7098
5322
1658
7256
5079
71
874
5912
3327
3191
4469
7497
1699
2481
8987
5585
6482
6216
992
6087
4816
6627
7054
9677
5704
1163
4072
4406
4984
6525
2476
3835
775
623
976
4670
6040
5900
2564
9478
3433
3143
2663
2325
1397
1668
5734
5483
890
3371
7434
292
9679
8703
783
2712
8484
2189
8108
2034
3966
2761
7763
5181
5903
7306
6350
2538
2746
599
8636
8693
7045
6885
296
4868
9737
8902
9810
8784
8667
8640
5496
3845
9963
3723
8601
3743
7377
6794
8455
2045
6183
7192
5863
5751
5228
200
585
4264
580
8554
3223
1892
5203
3118
2881
8747
6582
6389
480
2060
6796
3710
6950
4474
8033
1613
4014
1786
3714
1353
9777
3356
1121
3403
5614
8428
4055
261
5896
2210
5331
8026
9040
1828
9477
8404
8807
7726
1506
3911
9289
5436
4175
1754
9465
1671
6188
8897
4228
3380
4786
2038
5698
253
5364
4280
8571
2323
5036
8040
3660
851
2345
4568
9049
8913
386
3253
3758
8321
9520
4740
9157
4004
2209
1391
1224
4642
7175
5564
5674
4741
5388
1879
6699
5208
2654
4849
1243
3150
9007
4003
9108
7600
8218
9828
5130
3469
6914
8373
9057
8950
2665
5603
2
451
17
5250
8376
1876
1217
3950
5188
407
9665
1161
4697
7391
72
2339
791
4838
8122
5247
5549
1926
1251
7177
4888
8023
3034
3968
1296
7945
3161
7797
8297
4616
4784
2485
6056
607
4608
6398
5823
9764
2236
1820
1747
6777
7361
494
8297
818
6628
3748
7090
9878
265
7709
1194
8943
6155
5730
6719
1526
8830
2927
6825
7958
9918
6926
8170
1433
5509
1363
6182
9993
861
9012
2392
7699
9202
538
4172
7659
2620
9630
2050
8118
2062
9530
5350
464
6699
5267
6609
9456
1647
3844
1710
7146
8425
50
9905
3269
9739
2149
6734
2966
4862
4792
8621
6842
3018
3633
1350
7025
7774
6282
9568
3122
5599
6208
7263
9079
3307
9814
3532
2052
1870
4325
1116
6798
1095
1562
1172
425
4581
3183
2113
7647
8686
429
989
511
3554
4005
8636
9340
8365
8396
6321
7885
5712
6489
5917
3147
8603
4531
3193
5739
3629
2452
801
8863
6184
8580
6327
4975
393
9005
8386
286
9318
6046
6737
7084
43
8592
8117
9397
8720
2841
6219
7891
648
1936
9386
5207
4787
5435
6624
8673
4426
6169
4790
2956
2099
9602
1536
9339
6873
4736
1400
9571
1852
4070
8162
6185
2248
8092
9889
2771
5775
1125
7213
5778
1307
82
8776
1269
8832
1977
3929
5529
8128
6128
9852
2483
7195
2739
4410
8085
8140
5081
515
9147
4357
2267
7204
2555
7810
2304
3763
8150
7922
1599
4505
7886
5891
4547
3984
5796
9254
7523
8259
5617
4747
3293
5205
4469
7438
695
2099
6781
3462
5500
3156
467
236
951
5299
490
3531
5121
7188
5981
1453
564
1343
5527
6381
557
7142
4326
3491
5740
2200
9610
7251
826
5981
8543
2475
6114
4806
2570
1527
1188
6741
7399
7506
6693
9529
8928
2174
1685
6642
261
6207
447
9941
8791
6786
9455
1799
4099
2153
8494
7649
8976
2075
6944
8062
8124
8064
7578
1041
3209
4360
9806
1766
3043
8721
1327
2826
1768
370
7343
428
4053
1793
4924
8106
3297
3231
9776
1553
8619
9064
5535
5839
9615
4043
9951
3708
1827
1987
9154
296
2085
8252
7100
2722
8744
9485
2925
3416
6707
8745
4232
4224
4823
3028
5945
3178
8410
3396
9234
2553
8445
1818
3929
8654
1977
4057
4749
7314
4998
6108
7913
8825
5533
765
4449
9473
8628
4947
2523
3920
7025
7997
8416
5507
5215
8879
9318
5066
5887
7510
8455
8328
5339
839
2262
2561
6318
4820
9573
2124
7344
7966
8572
6465
5216
6301
1006
1682
6427
6417
8291
2368
2179
589
4266
1424
552
1052
8091
8964
6432
8000
477
2410
2066
2609
6227
8302
1775
8162
9637
5975
898
4666
581
4566
1257
1439
5459
8256
852
6344
6814
9804
5291
6213
3463
9807
363
1047
4423
6447
9360
4930
7968
1990
6010
579
6352
4898
6965
2049
1813
9183
9503
3084
4148
8101
5868
2642
7878
7798
7925
5089
9671
2833
9532
2608
4853
8626
9072
3596
624
7269
1674
3556
5446
6613
5178
8581
2830
8870
1379
9397
9485
9407
8546
8676
7812
5319
8112
641
6575
4502
6775
7417
1431
2959
122
9191
4273
8800
2212
8170
5661
3381
2298
5164
4121
8266
5394
1848
6225
3939
9821
9356
3183
1247
1587
6316
2649
9848
5904
8764
8411
4626
3477
2763
287
2724
3081
5372
410
7088
641
2174
2902
5239
265
6179
9446
8309
2186
6834
2561
6147
5027
1056
4012
9518
3428
3085
1686
3393
6423
8931
6064
7813
1833
9763
6430
799
382
465
2377
1726
9124
1974
6706
177
2064
2722
4333
801
991
560
4048
5643
8139
7272
4422
7424
5425
2329
3465
7946
2429
4934
4175
2827
2572
6602
3215
5840
4841
9377
6940
8434
3397
9487
8209
8593
8580
8473
7612
4450
8928
5565
5447
2854
7416
8770
3217
5707
5505
9371
7517
9571
1985
6464
4341
8450
7708
7047
7508
7950
3560
6101
9229
5113
4858
4795
7182
958
6531
1164
2311
782
8757
7048
2333
2330
4918
4563
9090
6645
1972
7874
8879
4679
8920
1903
5223
4022
7336
367
5168
3078
7753
8846
9841
903
9256
9719
1745
6897
9918
8540
5553
6764
5877
539
1222
6098
2935
8591
8260
2983
4924
7942
2017
3591
3343
8824
4336
4166
1896
6322
7074
1542
805
1920
1908
9519
4000
8379
1684
1030
3245
6848
9889
825
4567
6598
2950
5285
1646
3899
303
9348
5416
4718
4648
9640
8639
2106
3730
5940
4314
2380
2614
1356
3380
2969
5962
440
9909
1592
8608
2782
2587
617
7267
3761
8629
551
1521
5180
2703
3733
1462
6695
4822
5357
4532
4088
8736
8069
1066
4341
6431
3270
3414
7378
6263
3467
4296
4398
5776
3549
2132
7406
2908
7525
1396
7439
4899
3183
5883
3683
7505
9613
32
735
664
9902
6039
1447
5315
6052
8900
8776
2021
6924
9363
7901
6
295
4851
6366
5329
7200
6104
3804
7121
5348
3072
8010
4925
7931
7348
4989
3672
8324
1788
7788
9397
1616
2298
9668
5751
7337
2448
4878
5772
5529
7784
4211
3554
1542
5493
5106
394
6239
4596
9219
8141
468
6353
2468
916
4230
7761
9137
6554
5219
4696
6172
6621
3068
1288
3635
7022
5073
2262
8469
722
2633
9913
2536
5321
3357
4095
3737
1729
6075
4775
8114
345
1230
5140
6269
9294
9483
7114
4770
1593
8612
1388
5030
8364
2152
2329
4716
1993
7478
1989
4854
992
6804
7951
5195
1759
1876
7105
4644
8561
4989
5865
4708
5687
7150
9968
44
8183
6040
6479
4171
1476
947
3969
7935
1065
2185
560
1273
3365
9953
8437
6623
3651
4519
7178
7203
9400
6140
5644
4660
6733
1121
27
521
4758
5658
6127
2158
2131
8079
3408
6383
6019
7515
1402
2400
2280
7226
9523
6352
4397
2197
3357
8707
7389
8777
9213
8232
1765
1604
4083
6142
7466
9539
6217
7160
8296
8726
2737
9545
279
9585
3728
5561
7097
6668
5514
9681
1886
3409
7684
8258
3964
1197
1434
9608
269
6973
3700
3726
3078
5845
7606
3372
508
2451
6964
4570
3012
8538
4243
4544
5728
5458
9763
3075
1389
1207
5420
8052
3163
5607
7204
6694
6762
545
3367
9957
5346
9803
1629
2132
954
4872
2496
7657
8977
4629
7310
3362
3848
7285
8796
8663
5403
7094
3590
9157
9855
4568
8890
9366
623
8260
9119
3012
5716
3872
806
6443
9515
7082
1927
4154
6416
1993
751
8271
6657
17
2256
2503
2575
1899
9026
4238
3537
3406
3321
2462
1318
8808
2767
6508
973
6094
3566
682
4601
4915
1790
1921
4703
6388
1144
2806
3484
7132
3437
8504
5407
2924
7524
5559
8805
2394
6656
1582
2208
8820
1132
4849
3929
1976
9555
8993
5204
8452
5726
9888
9432
9697
8045
1996
9674
6463
2068
8799
6261
6024
191
55
4482
5738
1744
5993
3039
2937
3189
5177
7762
2658
9354
4154
126
4798
2305
5974
7083
9329
9530
7146
7280
2169
6044
3971
6793
7274
2064
1634
7858
5571
6369
9759
1833
1579
5299
71
1960
7155
6637
7542
4965
1249
9421
6407
955
2006
4169
6603
201
2779
4608
3972
3329
354
7887
9951
8409
1999
5474
6295
5213
9879
1807
7199
3634
461
5952
4617
6818
6692
1878
3354
5640
2105
4051
4369
4610
8591
3325
6657
2919
607
224
7551
2426
6792
9203
1182
8265
733
6582
4581
8491
6741
9650
4648
3601
4575
3233
1412
8040
3947
1712
7496
4863
3854
880
2
5291
8488
5883
1580
4853
2739
6491
9633
9138
5846
6406
5796
5908
49
4758
2224
5160
4050
1396
6996
8805
4933
3179
5293
4716
6122
6775
3735
6994
1875
9556
4431
1852
1314
8133
3736
8251
5360
7715
5478
8714
4786
8795
3336
9943
603
6126
9702
1668
1820
2079
5663
5310
9397
8048
5299
9480
3609
4429
6591
1536
1688
5155
5899
7537
9562
2125
2251
2021
249
2896
9904
7193
4959
55
6459
7563
8872
2664
2647
5542
663
7172
4527
3127
1276
6978
8783
2160
963
559
5058
175
1708
2047
7911
8956
6949
9688
50
1197
938
5693
3396
5193
5442
6055
1930
4627
1345
527
9669
2766
7369
3570
3612
6610
10
7415
326
8872
5063
9996
7215
1701
3001
7309
6090
4001
8045
533
6331
6724
8559
9645
1627
7949
3205
8089
2855
6809
884
667
799
8855
7738
910
5688
3316
8497
5020
4730
8704
4786
3711
7280
1327
4944
2754
852
4220
5114
5133
375
2081
9735
7659
4712
75
1155
4174
4434
860
5239
9759
4777
832
64
4946
4096
1357
2238
8585
4676
2726
3848
6326
3353
9795
2348
1446
2189
7466
293
7987
6910
874
787
2257
1647
3863
8901
460
4025
5173
9331
2429
2638
7822
2968
7032
2972
4854
7720
8084
3186
7187
8665
1482
3010
7524
6313
3809
9232
4854
987
5383
9067
1456
8312
1865
9073
1756
7578
3018
4767
5996
5171
1756
5043
4425
9817
8591
869
8932
6457
2755
7030
5716
3188
9162
7114
8308
6217
6928
1421
4760
6105
1299
8161
4041
1228
7391
6184
1401
8837
4764
7262
8095
7053
1258
8139
3772
2585
2551
6311
5620
3009
1039
1606
4602
1174
4785
5515
8604
8153
3156
1884
4848
9982
9122
1537
8205
1141
4904
5872
2104
5186
9237
3341
95
5542
6752
1070
2045
3168
2736
7438
2801
8084
7786
8334
9547
3303
4744
9651
7283
5565
1413
5890
8014
2028
6573
6348
4041
407
8942
4970
7985
4216
4861
2371
6768
9847
4278
7241
2720
273
1700
9536
7642
1714
3679
1168
711
8723
6804
5028
2704
7840
4387
9251
8215
978
5638
8024
7548
360
7588
2018
8993
115
3527
5928
2711
3109
9634
6136
1112
1826
3816
8845
2708
7072
596
2793
7744
3208
6154
8860
1910
731
4742
7024
3242
9828
6017
6435
4003
6219
8674
1704
8615
4928
2507
7257
2286
8256
7139
1110
4491
9620
1058
4991
5252
6725
7564
3160
4576
6138
2237
1720
8559
3024
61
9107
4950
9233
9419
6524
3299
4325
7283
9632
1237
4854
2383
4812
3609
2881
7569
9964
739
6896
5380
3778
666
679
1910
7990
6321
8703
7326
9242
5039
3565
4842
1509
6865
6920
4697
1565
5993
2629
8127
6162
5777
3330
2398
1340
1656
9233
7187
512
8222
4281
1374
4340
3207
7684
5054
5574
5861
8821
7528
601
4552
4253
6782
132
4721
6574
2024
6771
2935
2757
5821
1584
1289
4817
406
713
8304
4290
690
5187
8614
1039
8402
6021
8698
8278
3243
7524
7130
9234
1376
3610
2771
8463
325
8651
1650
4533
9477
8259
2761
5693
4789
6479
666
9379
6490
2161
9129
4678
7430
1067
4838
7575
4096
2176
6332
9139
435
1915
3652
6599
184
4587
7024
1396
2813
9868
6876
7221
2503
9427
6572
7673
4878
1845
4183
6857
8628
6184
3121
5494
62
7226
481
1253
6741
813
7276
1815
9822
1674
1904
8452
2207
6288
7743
8786
6080
5383
244
8130
94
4224
1939
6482
9204
1245
1755
2801
5720
7525
5019
6568
728
5023
5882
4590
7175
4222
6631
5530
4638
7324
1609
3359
6804
3903
5120
192
7507
5589
1709
8719
4427
3017
8423
7051
5145
6726
2053
4945
3061
2268
5358
421
5746
6238
3003
150
2355
6091
3436
2483
8766
1482
6738
3102
4499
8789
7056
7110
7734
4801
8438
2596
1808
3679
3032
2582
4402
4608
4278
5721
1006
9243
110
219
5696
6005
1123
9355
5591
3893
6230
5493
3270
5407
2052
303
5486
2221
6622
8237
8912
2898
8732
1732
1768
132
5845
1920
4440
6083
5502
2198
8421
3597
5549
5618
8666
2093
2968
9868
3674
5303
8843
9011
2109
355
9296
623
5543
2017
961
8153
6831
4423
3332
4671
845
7966
7014
2153
2031
8850
1987
2892
2724
4549
1443
9881
4546
2716
5782
6254
7370
5669
8945
1550
2189
6989
8519
6125
4908
9165
9061
4612
3030
7773
1888
9465
9405
8914
8624
3121
3837
2428
8932
5684
1967
1620
9209
16
6295
3747
8502
5102
7290
4622
4201
9035
3775
9530
372
1378
3983
5445
6376
6491
621
1621
9065
7321
515
4474
533
97
2546
8987
2562
7197
1807
565
4475
7570
6423
9347
5357
5343
3603
3849
2681
6187
5663
4106
1546
9810
7922
5944
1451
1814
2456
1652
3868
4223
7602
4806
8938
3965
2388
9179
7441
1665
8664
6548
4928
8816
1010
7313
5740
1170
4886
6190
1427
5033
2622
7575
6058
2603
2436
6442
3147
1711
9058
8358
7037
1180
5616
93
1531
7636
5137
1077
4238
5495
3771
7653
7682
5368
9255
2897
7408
7004
5734
7594
9059
9623
4448
9245
7204
9931
4586
6104
245
5969
9471
9175
5104
3880
308
1893
3486
575
4917
2000
3173
5472
3989
5705
8985
8829
6816
92
6685
8932
1220
2371
2678
5129
163
8737
434
1148
2275
8124
6776
2467
7046
3150
8233
7252
3720
6028
7623
326
1523
4123
9376
2788
4275
6525
2181
171
8011
3324
9615
6691
6737
7167
297
5858
1047
8783
8672
9060
3629
1496
6957
8458
3294
828
9873
9890
2258
9771
5796
9815
5174
3328
57
747
8718
8914
4846
6659
4959
2413
4632
9211
1781
5782
7442
1179
4782
1246
4976
7929
9975
8064
30
9047
4815
5344
2983
9846
804
8433
4756
3814
2552
6388
6366
8533
8450
3532
9561
2002
8147
1851
9095
2624
640
6480
213
7556
3176
9682
7499
7212
640
1298
942
758
8859
1384
139
6802
5809
43
1241
6864
219
7499
3620
2123
6597
6545
748
3714
6120
2309
4909
290
833
8818
7356
5333
8746
2363
3462
4974
9691
3032
5292
8201
2034
9357
5145
7213
9951
9036
7306
8325
2400
789
6355
9713
7097
6615
1633
5070
2014
8667
6336
9747
4188
6244
9079
770
9145
8180
9831
3322
7872
2065
2835
3429
1558
1908
9332
9996
694
8128
3178
2529
9078
3295
4875
6751
3988
9190
6658
4666
6593
3898
3211
3445
124
1734
6799
1542
8785
869
5808
8280
5441
700
5914
4167
5579
6852
2839
5736
9276
9554
6373
4096
7374
1314
9326
738
5327
5548
3955
5882
4259
2305
3163
1273
3570
1919
8635
6391
267
9903
6282
4417
999
7064
5873
4356
397
4364
7948
6447
7667
8350
5076
1822
7350
2902
3181
5410
1618
8346
7294
1012
8900
5440
6154
8384
4005
6872
777
5158
463
8774
8086
7232
8177
9533
5084
4273
8588
6438
9152
1321
9336
7206
7615
6339
1704
1358
4488
5263
5219
9562
374
3892
688
8902
4822
2298
2893
5907
664
5596
2195
746
8642
9615
4195
711
4596
1320
9305
4844
7764
9761
2843
6208
9516
4063
468
5424
1591
2615
9199
8169
3108
3473
8380
9151
5529
8048
7321
367
9216
2551
7693
572
5128
7493
627
4110
2477
502
2493
2769
2590
9205
4782
9763
8612
9047
7821
5205
1781
1849
5748
1196
3747
3304
1701
6612
6016
5791
3875
9721
8110
1557
7789
5466
8131
7852
4837
8613
5236
5784
1091
8274
7454
9533
8714
1479
4096
7570
6340
8553
5601
2224
5402
857
6254
7479
3963
7708
7105
8599
8689
5837
6344
9290
8851
9634
5045
9131
7380
8701
8950
5593
7925
7763
9268
5961
3956
2781
1855
8337
9146
9978
5582
2649
7447
2889
7096
6207
5250
4540
6205
1618
5306
2478
690
7080
6226
7724
3360
4600
6155
2438
1562
4187
4173
3371
8419
2962
5202
1452
5209
608
8383
8008
4909
6245
3428
1307
7721
2038
5486
1847
4116
4797
4310
2640
5474
183
4048
2932
4757
4399
6742
9020
9116
5273
9447
5484
2234
3763
2221
1161
53
6445
9660
6030
5233
6504
7310
3996
8788
5871
8095
8606
7885
5170
5938
2182
4165
4267
8735
6018
7919
2794
3223
2076
217
3575
6594
4862
9331
6515
4897
7326
6601
7480
757
4793
2515
9508
9396
8422
4111
254
4068
6809
8436
645
3446
461
445
9412
3261
3145
7688
5340
3937
4378
8512
2690
5182
6423
4708
2676
1852
7499
6459
8505
2813
2295
3140
8365
4614
2708
5152
7815
2316
357
7187
9050
6144
7636
7738
1443
5807
7139
8940
1267
9005
5512
1223
8744
6243
4879
935
3882
7227
2231
6553
6647
4994
8091
3373
4813
1754
9460
2325
603
6698
3523
4760
2371
5217
7179
7774
9645
6099
1630
5742
8948
6885
8850
880
7295
7420
2664
4027
3545
1245
8713
8408
9454
5797
8634
2680
2392
1671
2718
1061
3201
6542
6206
5900
8338
7005
3971
9327
302
5055
6076
7358
7204
6989
5826
5812
396
3225
3406
8140
9319
9357
2061
1666
7306
9434
6621
9508
2694
1135
7061
6471
9941
3360
6983
9575
1407
3725
7914
3203
9701
5125
3752
4056
3721
3876
7080
1213
846
6352
2325
4659
9206
806
5592
5634
227
539
3185
1249
3081
7549
7676
9102
6624
2386
9422
1836
5935
97
1345
8999
4723
7314
5365
6974
5405
9117
2318
3611
5095
3875
1213
9771
5214
827
2828
6377
4898
3300
5258
712
9117
9220
8301
2743
6431
1776
84
6520
6557
2881
567
9038
4938
7880
2557
4315
2425
7889
4651
8919
5278
6672
7506
7126
6997
329
6553
6468
9096
9707
1858
9067
6959
9632
3939
8157
1086
6671
8200
445
1110
6414
7775
5008
4122
5543
7338
391
7593
2774
6122
6510
4892
9034
6905
8638
2527
4854
4272
9807
5033
2110
504
6249
912
1111
2609
9130
2777
3667
3055
6006
817
6960
2502
7093
3459
4
235
9522
683
7139
722
7203
6989
2179
8316
1389
2566
3674
3914
8023
2214
5828
4331
4653
5283
4698
5743
3580
2493
7179
6113
1349
5535
3330
4597
6556
9032
8503
6592
776
8083
7832
3195
4612
944
2180
7782
4448
9211
3291
477
3962
5409
1560
673
7062
4660
395
3890
2868
4904
5250
9878
5027
9769
938
8232
4256
2405
5936
7727
2210
8629
233
2032
8071
9983
6141
4601
2878
9001
2737
5123
4643
91
5375
4871
1018
7621
8492
1621
8814
8797
6828
4489
78
7120
3645
7904
1343
1396
9905
5907
4625
336
574
1578
8875
8221
636
4606
5404
7985
4481
7950
9344
7905
6907
1654
2951
7019
4403
9050
1701
6354
265
7834
4823
503
7585
153
4903
2972
3493
1758
4335
130
914
7787
6349
8877
8502
1455
7737
8692
3162
5397
5713
2557
8451
6886
2458
1252
7802
6831
5613
564
2752
9660
5193
6107
4368
6010
2680
1050
6955
8057
9986
4603
3353
5035
4959
9367
411
8987
3589
3677
3423
9384
8980
6039
51
9042
3299
5311
8411
9357
2079
5432
5317
8040
8365
5598
1514
9703
2938
5525
6301
2093
3644
5531
2666
517
5905
5832
7372
3665
8527
2838
1638
2320
9162
3216
7230
1303
648
8605
1666
9589
6732
2476
708
5935
7902
8276
1716
7478
1483
2480
7658
7881
1072
4415
2976
296
2073
6993
4232
222
7918
5961
7050
8641
4706
4621
4788
5508
58
4939
6508
3084
6634
1049
4370
4726
6593
9315
1023
170
1871
4971
6270
4477
6542
3988
5320
825
7666
4446
7793
9136
2947
4390
2115
70
2571
8133
6845
626
7524
5199
3713
1761
7810
7729
7748
3712
3319
6838
6452
4294
9593
9882
7067
5320
5107
3132
5965
4014
4512
5739
2678
3604
3452
4126
640
1555
775
694
6967
8849
4655
9233
270
8899
2800
8005
6767
7741
1041
73
1994
8825
5353
3921
9452
8093
9968
7945
1474
1336
4204
1136
6354
2364
1435
3693
3086
4028
4342
9151
8354
7243
5114
7758
4899
7185
2636
3132
4508
921
8228
4473
312
6148
3836
7078
7885
1073
8524
7655
9968
963
6174
442
308
1610
8253
7057
4513
2341
2710
2153
452
8673
1218
3692
8427
5086
6153
1777
4783
8114
1342
7446
116
9774
5025
4668
108
8226
3483
175
770
1046
6926
6376
4831
6391
5268
3202
2892
9367
7218
9329
5335
9074
7534
7984
5113
2915
8385
1673
5934
5721
9696
4816
2561
7095
3271
6147
6717
6292
1382
746
970
448
1309
5636
8108
8076
5435
5677
2186
9746
2887
9129
4577
5303
4663
379
2523
4025
5756
1824
1839
4520
6269
2721
9846
6210
5015
3363
6093
4553
5281
7361
9773
2113
7901
3943
4018
5342
6003
238
873
923
7262
7525
6316
863
7518
4013
8465
9390
3426
2831
2872
7731
3917
6102
2840
6283
5400
6482
1505
6084
8766
293
5519
9444
8952
1197
1374
9589
3267
1406
2891
6974
3579
611
7953
5597
3869
9068
3428
8672
492
2137
3282
1152
6972
6220
3972
8045
7022
8476
3402
9184
9566
1647
2265
5463
2193
1803
536
2291
5333
6216
9672
1258
6001
7959
6215
8213
1611
3541
7787
5120
4515
4147
579
915
2172
515
7312
3656
8275
3690
8418
4604
1941
4665
9426
9443
8966
5701
5822
8069
8740
3182
766
4108
1677
1552
4107
2059
3066
7971
6056
1249
3994
86
7927
7699
4259
7188
5920
3496
427
6318
9671
8400
2316
531
6520
1092
9163
3815
794
6817
3112
3680
3779
9032
5980
1917
6943
9576
2214
727
6168
9383
3474
8642
1040
2235
4296
3565
6450
9738
152
238
8502
705
669
6840
2172
7049
6076
8257
668
6183
1656
9960
4738
3133
4223
9003
3800
4544
8710
339
8934
6821
3369
2591
3092
2567
3777
5079
1921
1793
4597
9649
8424
7358
599
3511
3603
3644
7891
567
4367
488
4558
7933
6031
7479
1456
3459
8705
3131
7420
861
1806
9975
9544
2696
6455
8688
9897
7055
9807
4875
748
947
386
6198
5509
6847
3070
1249
7535
1304
5261
6255
4902
7183
553
5031
1763
4160
251
6698
9769
6371
5698
3088
3342
5525
3820
3322
4565
2554
4401
2676
4428
3626
5174
6569
9552
6091
3377
365
6196
2246
4241
4446
269
4051
1251
1072
6505
2606
6738
2945
6438
1884
7172
416
9888
9775
5471
2107
7610
6292
1736
8044
9291
3574
3212
9542
3751
4079
4867
3136
8282
5079
8811
1740
5001
5095
2420
294
6067
8404
8734
457
2436
8132
6607
252
4138
5593
5298
7399
631
6847
2794
91
700
4491
4831
3590
3427
3401
4590
1392
1245
2795
6896
4140
410
4577
5672
6800
869
3016
6077
1419
5035
4113
6702
7664
1881
449
5359
4523
950
2134
8602
3127
2523
9764
2691
2598
750
8833
9241
1217
8074
2329
8772
1747
1463
2736
8623
3897
2487
3775
7093
5619
9031
7896
6308
8669
3286
3758
8447
8739
2341
991
4414
5678
6573
4094
3222
6412
6034
3631
8263
8381
7411
3117
6749
7084
6442
896
8395
9468
4520
5407
7997
2417
681
4313
8720
169
7626
1539
5315
9430
1322
3888
7850
2402
1060
2531
3937
8700
7085
5994
7859
5685
360
7270
9446
2433
9669
7788
3058
4844
9990
4753
6469
6760
4176
4718
4635
6358
2495
7996
9393
8634
2315
8250
130
4094
6287
2022
5732
2505
9021
5154
7170
4043
6972
7237
2677
5613
6521
6912
4900
6223
2178
5646
4290
2481
7339
9803
920
8887
2453
2307
9010
8384
9942
7768
554
924
1879
9164
1955
808
6337
6178
5243
6562
1048
9802
9944
3502
3294
5750
949
6315
2562
4027
7160
9606
6763
8414
1853
7129
165
1673
6265
8725
702
4677
682
3775
4843
1271
2329
6745
2999
1284
4206
4379
1768
9480
9706
1995
2106
4573
2609
8585
3057
6983
3897
8160
1095
5145
2283
9624
7915
6150
3469
816
3280
9000
9624
7717
1387
7340
2582
3010
3375
3210
6660
4912
4813
4279
6433
2152
2438
7295
1825
9318
5257
5393
9228
3973
6763
5305
1653
1793
8180
9868
8387
9538
8788
3747
6336
838
9522
6485
7555
2626
3365
859
1665
3160
4123
1651
8172
5280
8893
9361
530
1185
4068
5109
4930
1012
6290
7624
4768
5690
7655
395
3667
4668
3077
8537
3897
3523
4876
3535
6150
516
3031
5926
9882
3895
1774
3126
4947
8277
7529
308
8504
2276
8601
9480
321
3686
5160
2783
296
8049
7556
2218
9398
6145
8052
1734
8438
1443
2098
7190
5037
9184
6273
6291
1751
506
7617
2747
6062
6934
4326
1709
5491
8643
9175
2904
2525
9875
9202
1003
4931
4883
3439
7817
1825
9271
2146
3159
8595
1105
2917
8542
5819
9000
8080
8584
9344
801
9555
1260
8875
5881
364
1581
1384
1627
8011
2356
2018
2735
5172
5396
5984
9835
3245
1803
2883
983
4484
2935
5554
7616
43
1573
3780
3174
480
9920
4328
2002
2855
4129
9317
4311
4155
6569
417
695
9734
1406
5955
9055
1119
1218
8620
5330
4238
6993
6226
7166
8981
1884
2345
3003
1908
6052
2364
6123
3349
243
5960
9850
1386
3576
2236
9784
6463
4216
7761
1334
9172
2381
5177
7228
4683
3018
1777
2908
5863
1500
5130
2190
2093
700
1084
3020
8992
9366
7460
9889
2304
4738
537
4549
8279
4049
1682
7796
4219
4814
9292
4032
8328
9024
1933
6677
149
9521
9336
9657
4770
9753
5857
5539
8090
4283
2732
8715
6488
8562
5244
7789
5685
6208
6856
6918
3912
7584
9332
5943
2134
4438
4501
5100
6716
6220
5231
3162
8861
6531
695
3415
4283
6158
2169
7534
7621
5359
4309
7502
2308
741
5766
8923
8770
1050
6491
2848
3021
2787
2998
7921
1497
860
5115
8481
9490
3266
3390
7935
3637
8539
4709
8442
7639
7607
6478
2320
8808
9028
5661
7862
2394
6
2370
9912
3672
3945
8554
5686
592
1065
5131
522
5529
4775
4802
2967
7944
2267
6804
4284
3952
6372
1905
3780
8285
8816
2059
7841
7487
2379
2284
8185
3599
6568
8309
1925
4626
2541
6069
9174
8060
97
8716
118
2072
7539
1087
2811
2397
4259
4968
8727
3008
394
6208
3734
6504
111
7118
9557
7195
7935
1867
1160
823
1071
4581
3228
2671
1427
5903
9626
6139
1905
555
8881
8400
8008
949
1370
8976
2005
8841
2575
3863
3866
6006
4450
1887
6837
6808
3271
628
189
9442
3283
5502
7369
4986
3046
5355
6336
1194
530
7637
8941
6185
4319
7627
5286
1231
4679
7557
9507
6817
9131
7921
1319
2419
5618
2624
595
9922
4620
3773
6538
6939
7935
9646
8143
9313
9220
6369
4794
4661
1743
7906
7406
6153
790
4577
3137
3517
3971
8722
8790
3588
3460
2935
2835
8688
5582
4510
5859
3869
57
507
108
9683
1055
450
9158
168
858
9300
8027
1471
2477
2407
8363
9321
5634
2600
5273
1872
9327
8689
7147
3268
5834
812
8251
4918
4833
19
1238
5670
8246
2066
3846
4649
7437
5416
568
7185
7195
2734
3678
749
5915
1001
598
9488
3169
4332
9220
4346
9298
1985
2508
4928
13
6359
937
1009
6029
6885
3810
8196
4468
5306
1903
8669
6204
8372
1215
516
5463
8402
4657
1391
7198
9489
404
5266
9173
5331
1703
6848
4359
6522
1192
6610
3730
9369
9814
3930
9446
6387
2861
7579
6875
2075
4321
4050
5378
5393
4328
7736
9189
3959
992
9110
4910
7133
5919
4942
960
1012
9404
1326
4538
3430
3745
3909
6105
7677
4904
9763
9066
4839
1170
9836
7443
3695
2498
3401
6265
2988
5055
4366
981
6118
232
5792
771
4707
3647
2734
183
9877
3645
9964
4362
8734
8041
7571
7252
8458
879
4067
2316
6454
1374
3532
3070
9631
495
2006
5958
546
9775
7946
6576
5686
3443
6027
5359
8933
8968
8210
66
1145
8294
3220
3206
3044
4555
1819
1223
1947
2197
6988
2408
6210
3590
9601
1808
4688
1743
590
6712
7200
9985
5043
3751
4933
6279
9360
4067
1610
7640
9483
4531
8236
5637
9215
7921
4573
8458
1369
9721
3337
3620
1229
3520
2568
6051
1852
6303
2679
9354
1855
4262
8935
7778
9950
9304
3840
3103
2034
4733
9152
535
3854
8859
5586
7645
9608
5113
7571
9294
4161
4632
2184
3538
600
333
1101
4207
7709
2495
641
3674
8726
7029
9153
9864
438
810
5628
6369
7553
3968
9760
7924
1285
2376
4353
1937
1123
5894
2401
4738
4279
8868
1199
7733
2333
2670
5
2442
7984
1084
9629
6002
985
6132
9329
1194
2280
1643
468
4781
3046
6147
6446
8643
7922
957
3535
5986
2446
2944
17
3541
5385
3070
9209
9148
6803
6805
2006
140
7299
5450
3673
6057
4806
2387
6114
4580
784
723
2739
7551
6446
8992
9362
9069
6346
1965
8501
3154
4463
1002
2483
5900
9454
499
4085
5507
4088
7765
3781
3986
117
4997
4532
6020
603
8857
7092
5040
4582
928
4537
735
5004
8933
5180
8132
379
1639
4903
8972
4663
8260
5419
991
2388
4061
9764
6297
1230
6448
2421
3115
9211
6167
7139
6037
2353
3311
3611
4368
5254
9730
7640
1159
8393
1434
7205
7007
6866
1333
2565
5851
9146
5576
2796
576
6469
7451
4418
4201
6836
1733
9289
4341
6259
435
6726
7037
8131
9251
1924
3100
8198
5235
8473
855
9483
5142
873
6950
8063
3999
2218
5501
1355
6993
2216
2814
1801
6427
7153
9462
7883
9311
7421
5039
3738
4400
8570
2958
2964
4365
5030
2660
3798
4130
2192
9892
4799
1137
7780
2349
2912
3088
8332
1661
6868
9514
2859
8402
1189
8999
2635
9001
566
7571
8590
7002
1903
5001
729
3716
8888
9295
2696
5409
6868
8434
1066
5836
9663
1943
5372
904
4223
3284
9060
6182
7535
8843
8380
1510
9036
8230
3229
4940
2335
1435
294
4007
8926
6720
8642
7467
10
565
7910
8052
803
6077
8389
361
8045
1428
7541
2001
6259
7014
5255
5236
6327
3520
4458
741
6158
2745
4497
3204
5588
5787
3450
7870
4103
9388
3397
453
8053
8779
1463
2062
174
763
5763
7438
3019
7966
6836
4190
2600
4763
7924
9589
5211
9525
4200
2466
7101
3221
2655
3166
1802
8012
869
3108
7464
5181
4418
1417
4315
1537
3301
6669
3999
4531
1155
4690
4048
8776
1594
5601
508
6281
3193
6059
2816
901
8743
6243
6630
9580
7290
7477
4450
3905
2325
1145
8424
4654
2445
7085
713
5221
7813
857
348
3118
5779
3708
3293
121
391
2998
821
6468
5519
8027
1298
9110
9370
345
2585
3099
4631
2186
6421
3340
2372
8791
9144
5829
8864
4312
6103
3908
8649
4081
4001
6915
1274
9687
2562
5758
7302
6639
3474
3552
4213
3106
1752
5959
5644
4433
9546
2428
4855
3323
8668
8843
8220
8673
7529
9752
5933
1310
1752
1421
2758
486
2672
299
1943
7669
6713
2323
5200
9386
6191
3365
5391
6521
5800
6271
9930
339
7780
2410
6811
7615
6838
7358
1783
768
6718
9885
8097
7133
5237
7059
6378
8296
9251
3626
8119
4813
8613
5583
1904
5404
4540
1106
9383
3196
4257
1394
6886
9970
2825
9866
8025
129
5706
9801
2727
9791
3814
676
8031
8508
6598
6675
3249
1074
5662
9142
6333
2818
3663
7339
7869
4983
9986
4067
1178
3106
4104
9663
9004
2940
8512
898
7213
9533
6904
7676
6496
6851
1898
8012
4853
5177
2366
2281
9082
3841
4034
8595
3385
6107
8717
6758
7302
282
6353
2926
7032
2366
8751
7788
172
8796
7697
3185
5259
1436
3200
3807
3420
7459
6163
2151
1973
8953
6326
3635
9810
6836
557
9462
2240
7641
2691
8471
5816
47
8594
2266
5887
3360
7745
4448
2192
6832
4969
6101
771
1509
2950
6474
571
1891
6047
4652
7646
4085
6078
6601
7252
5546
4987
5374
509
2774
8148
897
5372
4518
3659
1892
2644
582
5933
3086
7062
542
3760
1853
9830
1981
3994
2921
257
3378
6717
2107
8222
5349
6645
7908
1292
3390
4546
8684
3868
1576
5446
3269
1325
467
3540
988
586
4066
8356
7972
8973
9586
7338
4804
1686
9246
3859
1629
7573
9245
266
1994
4905
8404
6921
92
5480
7805
6282
524
5106
6847
1902
2422
1449
8585
6443
6816
8826
169
2989
9563
3835
2633
5319
570
9066
4400
8834
5287
1650
2161
7675
717
7174
8756
65
2607
8067
930
6862
9755
369
4612
2902
6994
6712
8136
9934
7948
3995
6209
1072
9834
754
7397
3785
7296
3681
6393
731
7405
461
5064
6257
1571
7401
4675
2470
3342
2513
4669
8733
5942
5350
2951
8989
8513
2901
9288
1392
2393
6622
5873
5197
2241
1655
3465
7743
3566
9794
3034
2740
2500
7723
2460
9898
5545
2762
1939
9320
1997
9084
3560
2027
9548
5214
482
5838
9206
3671
5436
1650
8572
6647
5927
7408
5730
4167
2933
9175
9157
5474
4173
5612
1364
4464
5280
7136
2964
1068
4416
9517
4167
1439
5209
4765
7840
498
4593
9625
7015
5451
2260
4016
8539
7089
6721
7847
9099
7799
7020
9016
3257
7511
5659
4676
656
3532
5888
4175
2607
772
642
3846
6207
8842
5094
3814
2773
7309
5224
5969
7104
8833
3666
6920
645
4415
9343
2904
1986
3131
2758
1837
7998
7652
7480
8502
5563
32
5286
3679
2753
1740
3139
9665
5853
2450
1445
5904
3349
7017
2793
3447
2849
8484
4659
1730
4171
8350
7013
5960
1093
1282
2765
2584
7614
529
2801
4412
2253
4904
6603
4564
1518
1030
5044
3506
3784
1236
501
2242
6622
3144
7567
1122
5775
1568
1285
8570
3445
7407
3259
3062
9220
698
1026
9380
9702
6469
4748
5734
9678
136
2905
5522
2528
2008
5071
429
7076
3256
6433
7233
5715
9608
2034
6173
6574
3145
2420
8384
7579
2872
1464
2393
1558
2767
7052
3147
8018
7988
6646
9471
2725
4958
7834
5927
6441
7391
5125
1688
7372
4963
0
3409
7099
1207
1517
5968
9884
8477
7674
4275
5295
9122
6715
8607
8307
9321
520
3278
8982
8918
3479
845
7777
3673
4405
9811
1347
4867
6210
4381
2233
4140
7691
5172
1375
2608
9645
7943
9904
7653
7012
6231
4069
8101
7840
1488
3008
6108
1981
3499
2601
995
7953
4156
7463
4157
4194
5254
1603
982
6016
2555
6020
5907
3433
8996
1109
1138
6165
8133
7142
4863
2477
4460
7066
9382
1137
2014
4475
3724
8195
3277
5055
7885
1715
7045
8167
3888
4975
6613
2188
6131
1633
5864
8422
2996
5550
108
2851
7273
7585
3196
8693
7122
2202
2943
1780
4692
3480
2094
8697
5236
5674
7814
9270
129
9850
6789
8450
8243
2956
9483
9874
6852
3922
9728
13
5081
8442
6783
9633
9243
1620
8236
4216
1294
8975
7135
3395
4864
7957
9676
2411
706
6232
2988
6226
9077
6905
3395
2704
7529
9520
9937
5139
1663
9992
8135
5064
1883
4731
4179
8024
3390
5554
4919
1186
7553
8496
15
5472
3133
7098
5600
6948
7012
3455
4447
8186
1040
694
8286
9477
4741
5179
4124
1600
3673
9180
2443
9098
2166
9244
1417
5278
4257
8296
2076
3177
4802
6066
4030
5112
8467
84
1252
7269
1300
1755
92
809
8130
8224
3860
6932
5883
14
4260
1248
9552
4853
4745
1381
1985
5441
9499
258
2617
9791
6335
2400
5849
694
2270
172
5558
3454
2229
1336
514
5703
4649
8265
5615
3580
3886
4556
666
6767
5730
9236
8551
1258
6708
7460
997
2904
5216
8848
1800
9558
3390
1383
824
6879
1996
9349
6054
905
9456
2667
6387
4820
5279
4137
3171
1714
9785
6670
8261
4368
5420
3067
1936
1582
9305
606
8465
4863
4782
908
6648
2567
8989
1375
4575
9491
6317
1060
8418
822
1251
6042
8351
8185
356
1548
5803
4149
7968
7423
7519
5506
5796
9319
9220
1173
2049
559
2815
1988
8962
3595
404
8234
5453
1863
4623
8532
62
3173
652
5833
1966
3011
4602
4102
2519
6182
8577
6443
6375
3152
7194
1090
9157
2722
3958
5610
4188
8776
9710
2696
6430
1923
5850
2392
6906
410
5691
3278
5432
2200
4173
8251
228
6684
7967
8814
5368
1665
4929
5509
3807
8778
6124
6616
5496
3405
6934
8155
5888
7708
1671
4626
6900
5787
37
1602
9920
5637
2326
4345
8356
7919
1599
6071
9254
9652
4506
3445
8412
7891
6227
1293
1669
5937
5834
6852
3210
9201
3648
3780
3774
7097
627
6715
7554
4164
7036
5853
2412
2924
7272
504
8520
6466
8538
3398
7751
9291
3022
4662
2792
8872
4583
4695
4406
2260
9467
4092
6997
1231
4371
8104
7422
3990
1358
2096
3922
239
4584
523
1660
6652
4305
5308
7794
4086
7638
8788
1938
5703
3084
8717
1097
8546
4888
5233
349
7568
6807
170
354
5165
8320
9379
2153
4697
1650
2328
6395
5910
3943
313
7112
5718
958
9398
536
2163
2690
65
1555
8950
2745
6864
4325
8682
2217
664
4635
4061
9594
5818
8993
8348
1204
3787
6259
2213
6069
6513
3718
702
1826
1036
4976
3606
1807
3530
3906
2306
9201
8
2482
4229
7192
7137
6505
6287
1709
1177
8344
4096
8604
844
5632
4792
6355
9118
8352
3148
2305
295
3843
6151
405
1468
3390
813
8869
2069
2109
539
9115
5995
9794
5587
2851
9282
4746
4047
7589
5936
6704
5849
5017
7111
7545
9249
467
6007
30
6035
9725
7663
6993
3663
8443
9382
7436
3623
8250
3904
105
2768
6309
1330
9717
9160
5749
1602
6634
8385
9815
3362
7584
5057
6023
1515
7423
4061
4236
3148
9622
4116
6620
6278
2704
636
7665
5035
9100
1718
216
6485
8238
3953
541
4597
4815
2881
6584
1124
8938
9518
3676
3095
6189
7778
9862
8331
3447
153
8519
740
5700
3290
7224
6287
1993
969
958
9645
214
8234
7694
7932
300
3154
4195
4627
5630
1501
4053
6817
8827
1399
9173
9769
1602
524
1785
4316
6060
5441
1723
3537
116
7410
1416
8029
7016
914
9234
3271
8355
2685
7571
1062
2863
3505
3491
3088
740
5164
7075
3775
5152
6976
2624
96
7912
1704
33
7259
2703
9605
8849
320
1391
1174
2750
1337
487
8443
5418
7780
2983
169
1603
544
2913
4406
2150
3118
4243
3339
8335
108
4548
4748
9691
6023
8965
1264
8383
7314
1536
8747
3786
5507
1242
7841
8353
6063
1413
4034
9580
727
2259
3884
4995
5882
410
4021
920
8258
3573
7713
1220
557
2227
3427
6104
757
2835
7029
2007
3183
8702
2253
8113
8178
8195
1450
53
5114
3197
8859
9242
2953
1297
2903
6732
9082
1533
9247
8699
3549
2354
9108
4843
5501
9625
7252
7492
5029
8528
5387
357
588
3335
3532
2269
7279
1483
6350
6215
3433
2437
3856
6739
6399
629
2930
1135
2238
9429
3229
7119
2334
6875
3935
6026
1000
128
1698
7352
7114
2834
1447
1618
4097
4358
6596
666
7147
3124
5156
6004
3563
4307
27
1429
981
1703
8822
5892
1264
6542
6236
1106
4372
2927
1873
6987
3849
3884
8990
8619
9938
1234
5876
2491
5681
7297
5436
5888
7097
7627
4637
6734
2627
9302
9644
7793
9374
6537
9919
3928
3493
3679
1233
7647
520
1299
3999
5389
7268
2073
418
4487
309
504
4563
5171
2712
2059
3082
3597
1630
4224
716
8574
624
1514
3163
3678
7293
3688
3954
4229
2423
4002
6390
7553
6906
1706
7667
2519
645
9270
8136
5334
9019
4186
6057
9240
7856
9734
1581
6256
2549
3043
4515
9751
2679
9672
4097
85
8239
5621
3583
4565
3888
6842
4692
9583
2352
3567
5715
3996
3782
50
7109
5998
5686
7945
1847
5796
1398
286
3771
9564
717
4569
7278
8904
5579
4653
5188
6462
4769
7649
5325
6737
9933
8606
9991
3308
8444
7278
9696
1806
7666
1331
6405
6257
7115
1714
9211
6013
9507
657
2252
1241
5986
1845
7534
1089
8980
7476
6792
9774
3334
9290
9756
1860
8584
3787
7122
2442
831
3369
6545
5546
4894
9728
7133
6413
4259
6926
9845
8621
4108
4551
7575
3670
427
9947
7543
6564
6422
1779
2417
2302
7916
3815
8926
2651
5898
2368
3393
2206
6547
4781
5489
8186
6767
9231
3629
7505
7464
4174
3239
7379
98
6546
6212
5703
2555
2709
2452
1524
1727
7281
1471
3389
4497
3505
2333
3546
8903
1763
7692
3504
6231
5602
3102
3792
287
2039
5493
2982
5256
4648
6640
6949
7460
3620
2245
9542
5499
2361
5602
1099
8434
1850
1177
6692
590
5621
4426
1128
6951
519
8953
711
8581
8605
113
8413
336
9690
4710
1795
1759
993
3498
1221
3193
2568
9469
1400
5860
2857
1321
5753
8538
6465
4271
5244
8013
7446
7763
7658
7680
6533
6848
7945
8332
3434
2896
2526
3364
30
144
9327
276
5785
3428
3296
3115
4136
2006
6873
276
1271
5824
8759
9746
2447
4691
2247
6109
8278
4341
150
3892
4552
647
9018
9832
5628
1611
1085
786
88
8303
7614
7699
1534
3939
8739
7741
7905
9784
6444
4286
5806
8804
2372
5037
8623
6732
6748
966
8301
1008
3366
828
1325
8763
6542
298
8264
1245
7876
7796
7456
7163
9327
9024
7977
6520
9769
4117
7404
7211
2605
1495
2090
3147
4380
8361
8406
4081
5406
5060
4857
9663
7282
5156
9716
8254
467
1480
2229
1620
7757
8751
9714
7762
844
6463
2384
614
7348
9039
2096
2475
7920
6241
8536
2500
5977
3698
1875
5459
4857
7727
7633
7252
7152
4651
4678
6575
8744
7014
4376
7156
5263
7479
1152
7836
9301
6306
3960
8668
5008
3021
884
3258
5832
5932
2730
9610
7906
7516
7280
6329
6021
1782
9747
7306
5090
5699
1683
1088
542
2816
9602
7817
941
2457
2049
3991
6090
6050
8811
1109
5581
3870
7503
3277
9773
2495
4933
1502
8579
6632
6500
2389
6684
4720
2273
4773
3996
4707
9816
7661
9422
3890
5902
8140
4257
9512
7547
8368
8037
4095
7227
3047
3947
2389
8780
3907
7765
8175
3114
1285
1164
8851
9825
1700
608
2793
9728
4812
539
2959
1315
4856
3114
6478
1795
4630
494
7033
1930
1490
6830
5110
1782
2810
3206
4370
4714
3603
6895
5566
5718
6891
4653
9745
9604
1781
3670
3262
4291
7838
8362
5662
3980
1424
4678
6020
5112
3683
7565
4939
1364
1857
8626
4363
1180
6808
7222
3465
470
1400
8150
8641
4452
8437
8024
9224
1910
8586
3821
2569
6787
9194
5434
5953
5968
904
862
4146
4963
4741
5686
7602
7905
8916
6258
9144
4460
4797
1843
7492
2549
9636
7739
3830
8090
1634
7839
3172
8906
1058
434
3805
1344
1450
3021
9747
6677
7212
6629
8639
4116
6175
9536
8843
4321
6332
3215
8724
7916
4701
8956
9891
6306
8601
4052
2177
2531
4384
3774
6618
6899
1016
9374
1573
5935
4152
2427
1373
5539
2766
73
5245
7055
3185
3727
5765
8156
4327
592
6910
3767
4415
1109
1929
5906
4516
4399
6254
9927
4959
6833
5959
5847
2481
9567
9729
2545
8156
6819
7837
6256
9165
7301
2386
7819
7204
672
9080
2466
1520
3423
6372
1430
4437
4902
8170
6867
878
8209
8199
4278
5951
9454
6181
5216
4390
8547
7402
5944
3208
5436
9197
1975
2167
7444
4276
4242
9441
9017
6939
7019
8247
8555
250
3699
2573
1398
2686
6156
991
499
9045
6996
7468
4251
5125
1174
9546
7664
4644
6247
2232
2207
820
5063
4955
6730
9254
3314
9301
9493
614
5404
5127
4443
4653
9753
9697
4793
1527
889
976
7389
5700
5708
3103
9690
56
6396
6174
5925
2979
6983
1644
499
6566
9431
4293
863
1598
2172
9044
358
8796
3992
754
1660
6508
9450
1620
4074
1408
5204
4605
5753
5373
1905
1514
7083
5470
2469
7901
9709
418
7473
525
9088
9845
798
9119
9316
8639
7260
2660
3118
1451
6291
4663
8162
551
3178
1959
9622
4115
5112
8659
8355
8761
863
8962
2964
7470
4411
9184
6213
7752
2508
7772
738
1890
8665
1138
6565
6501
2640
4952
1959
6021
2700
2973
4934
7621
6849
8851
7143
4974
1611
8097
9613
1131
9649
1714
6206
3143
2562
4923
4447
8864
6916
5606
9814
1843
4676
4910
94
1964
1718
9457
9904
7023
9531
2347
8648
5924
8495
8426
5330
5060
8666
4272
2345
6291
7181
6505
775
8534
1750
848
1689
7735
5132
2341
365
7529
1547
2486
4549
4105
7586
8101
6155
271
1127
4345
8679
2383
7375
6301
8082
4129
6881
2123
4471
8265
7379
2791
1130
7451
1799
679
1258
328
8205
8625
9416
9436
4728
777
8889
3960
7548
197
9231
8742
2466
866
4213
3356
7413
5959
2241
9185
7353
4848
6674
4465
1360
9704
4488
5754
6056
5445
3702
4765
409
2496
387
3303
2847
2323
4602
1826
987
6924
6427
9965
6034
9723
1781
1109
5170
4929
2889
5409
9115
5320
9945
430
7930
3712
389
2298
4396
8126
4857
3992
9854
2740
6357
1476
2220
2090
6406
2625
2421
4602
4682
407
6391
8315
1090
1219
9132
2844
8544
5210
3489
5215
5297
8169
4465
1189
2973
6586
6111
3004
4916
4133
221
4852
7809
2261
1367
8597
8099
762
3124
9537
939
8062
2461
5401
9030
6520
7860
9450
8819
7711
2971
633
7352
5871
6428
2208
477
5120
4962
5906
3696
509
2594
7188
4592
4915
5987
9075
5183
2909
8083
453
8015
7111
6609
5723
708
5752
2295
2593
2555
1779
553
5655
1300
3511
5449
5433
953
9627
9760
7393
2153
5544
9498
4325
8767
8424
7209
9509
4715
3149
1077
9470
8509
4950
1465
9342
37
4901
9179
6514
3259
8930
4602
4212
1564
2594
3808
9206
9436
1963
3205
7765
1932
520
6130
3619
6411
4891
4514
9089
8132
51
8921
8538
8394
9866
8151
2519
7968
6776
4646
5636
9571
5589
2554
3312
5045
7123
9598
2034
4006
9109
1196
9387
3521
8019
8215
9193
2751
1314
4541
9794
6979
6120
6184
2149
9809
2694
97
2331
8010
9645
8743
9477
7732
6475
6894
9298
634
3277
6075
6647
9389
5258
714
7109
9894
4615
3689
3215
5636
4864
7059
5556
5920
5339
1620
2161
7368
2546
6708
3459
4635
6790
6447
4745
935
8488
2377
2981
6534
7449
7833
8091
9399
8523
4656
2498
7526
1754
4914
6832
9975
6057
8860
9506
7427
7255
7479
4147
3436
332
8849
4531
7782
5772
4571
1116
6714
3346
8610
4704
2488
8435
2396
7014
9359
3747
8357
4859
1866
4595
865
9162
5725
6890
9557
8398
7607
8695
91
9011
9522
8371
202
6684
5951
6664
6864
7600
1202
2667
257
154
6444
1683
5905
2683
319
1874
1433
7920
8223
8330
6145
1863
3331
308
9533
2996
8165
3607
8236
8519
418
9335
6953
700
7689
206
6027
1562
4513
5878
6350
3111
7910
6036
2949
1048
3411
7524
2781
1235
7928
2073
3892
5195
7316
5531
9726
3526
603
8911
6853
9871
3533
7812
1489
168
7577
3967
4581
589
1283
4697
729
1061
506
4197
3780
128
1091
9719
8395
3790
3380
751
2843
2887
6630
8850
8070
516
9931
1860
927
4101
779
3186
9528
7652
2957
5400
7571
6564
2600
4503
66
9798
3448
342
8250
8860
8276
1339
7052
1870
6112
2113
7649
8688
5710
7797
9093
5268
4772
5975
1601
2065
9643
8783
985
5450
785
9224
9991
5569
9007
6672
2906
9824
9795
6269
6866
6754
3310
8064
7839
8347
4633
1518
3818
9539
57
8376
1747
6212
7149
626
6592
7006
7998
4583
1154
4306
1152
6841
3753
7169
8062
153
2813
8595
6818
1845
3362
7627
9847
1854
4889
5051
2740
4084
279
7104
4894
416
2142
3257
8339
3076
2851
16
3135
2930
8698
6942
1923
8318
7275
6053
8002
1823
9782
3916
4274
9566
3963
7119
7137
7834
4874
272
240
6515
2309
8229
2487
9060
396
1886
8783
2423
9093
502
2224
1206
3578
4445
2825
4457
7685
3642
3107
6254
359
5473
9628
4945
5090
2979
4874
5111
3900
9451
6016
9009
5916
4665
8553
5683
297
93
1833
9469
823
9381
7802
5834
3294
1123
8313
4530
7263
20
9927
3270
9833
152
2664
6968
497
1881
8409
2323
2706
4664
5686
595
6940
5838
3454
8718
5180
418
3492
9416
5404
3796
5697
4565
7594
3049
1426
3522
4918
9074
1965
1582
9332
9442
9049
9126
2324
965
241
6927
386
2214
7824
43
2117
1156
1091
8395
3583
8346
3335
7403
9254
1824
6624
4070
7027
2544
8413
5211
7628
4247
4555
7967
7440
8281
6166
5019
2958
8822
9318
6289
3708
8149
345
1404
4759
9710
3534
2433
8283
1451
7657
4688
2161
7308
8321
9974
1532
5527
9566
1030
2199
4558
7153
491
8677
5671
2065
4236
4254
7365
5456
8543
749
9625
2613
2524
6323
9015
9710
289
9682
8677
4558
5129
1785
831
1449
2605
4617
6229
9201
9637
3962
6669
2599
4490
8584
7793
1876
9866
9292
4754
4938
1668
4970
4051
9521
661
5718
8107
2179
3674
8023
5925
6819
2506
9575
3638
3137
8161
3698
4670
5775
4777
3019
404
5077
8942
7728
5395
634
7268
8627
8926
7014
3514
3018
423
987
7968
1838
5841
4069
5449
5835
8410
8893
3595
6342
7617
1866
5993
3477
3182
3699
6619
5769
7507
626
8837
6010
1854
8366
7491
2170
1922
5460
3037
9409
7143
6767
5138
321
8339
6798
5994
141
2624
9697
5759
8524
341
6888
7293
4492
2412
976
9940
2536
2410
3840
5439
9128
1713
5697
6491
5748
3010
4283
1823
7304
7461
780
1911
5471
6721
277
6996
9365
2476
8510
3268
6899
535
7138
2297
4000
4430
2494
3364
5440
2527
9380
4562
4763
7258
4863
5084
4886
955
3989
7961
3318
4627
7186
966
7492
6963
2307
7859
1951
4633
4651
170
2213
7887
703
444
992
4878
3738
2246
3
9375
4245
659
4558
3108
4539
596
2073
5132
5063
9136
1154
6750
3413
1704
5193
5723
7194
2953
9192
6328
2409
102
9299
3918
2775
2286
4094
4104
1371
2419
2733
3227
9934
8182
3850
8493
4991
7297
3737
8006
3869
637
2104
92
4231
8504
762
1948
374
7949
5153
1400
6322
9929
8058
9725
9129
8786
1637
7384
6004
7895
2158
5771
9216
9061
5039
6136
8096
9660
2282
1659
9910
9424
5148
9372
8471
4466
1558
8118
315
1729
4451
7930
8209
4088
6751
6226
8192
3027
4797
2763
4144
7533
5840
3382
7372
3616
2640
6788
1060
187
1703
1359
6279
3333
3065
106
1503
7594
6522
3256
2320
6454
3048
7909
1808
6987
3161
6311
43
3800
4294
344
5111
26
7215
9539
4862
43
1332
1384
3761
6251
9711
9338
5192
6070
2943
9051
7409
670
2804
2782
6518
3398
7915
6269
9527
1668
9498
737
7364
9685
5413
9741
4667
9511
6172
5590
5939
4674
2719
9789
1567
511
1424
596
1964
5309
4250
3785
7341
9403
2025
4094
1736
212
8679
4307
9086
8262
1669
9513
5770
8328
4553
1946
7622
546
8279
2432
5410
4549
3658
5098
7889
54
1090
8210
9798
4354
624
9003
1416
1239
5301
5395
2901
5080
3525
7331
499
661
2692
6309
9526
3583
6445
8547
3161
1941
6285
3563
3013
9126
3229
6917
6974
9808
928
195
3070
1491
3107
4453
851
8777
9110
4702
900
7723
1872
2336
5063
775
4487
6164
4824
5927
811
2841
1684
9246
9334
7551
4087
8134
7318
2674
8200
1701
9463
2916
6986
1451
1852
2223
7333
7207
7899
6860
778
9981
7394
5473
5135
9784
5538
5083
3565
8545
8903
750
7892
2567
5454
2159
3072
2873
8278
9411
4958
919
2763
8647
3603
1355
6415
1729
2128
4971
409
5526
3912
9490
2312
5235
2785
3776
7686
6439
8115
697
7268
7198
1381
7978
7796
6160
8591
9341
1282
9172
6114
8744
5297
4263
4286
5857
1031
7072
7376
8980
1393
2015
9311
3329
393
6356
4773
3930
47
4189
990
8476
6100
3248
6858
5556
4854
5229
339
4241
3978
3845
998
244
8684
4930
7794
5267
6427
4269
3258
6195
7437
1977
3186
6350
4191
6955
8318
3376
6689
5084
5470
3095
7938
6875
8406
8743
3209
9779
1770
4054
9643
6094
4380
1245
4553
2062
601
9611
4491
1131
2329
960
1992
8533
8610
1112
7774
6352
5152
2445
3216
2991
4749
8817
375
9394
9613
2101
1845
5890
9780
5753
2746
7963
8882
5920
1437
9605
3047
7656
6856
5948
589
3679