456
2375
8734
4274
2673
7239
1122
6385
1144
4319
2231
4825
5984
9289
1033
4019
4274
7283
9781
2077
175
993
459
2757
8297
3747
7054
4517
4265
3294
8147
6192
9167
8580
4969
5360
6804
5066
3273
7935
4490
4034
2550
6649
8940
1210
2234
8328
5238
7395
2845
3273
7276
5774
1210
1328
4853
2782
2740
4338
9532
7141
2798
2255
4062
493
9581
4134
1570
6469
1222
568
819
4610
1572
2494
4093
806
586
4750
8509
7557
2302
3323
9330
8694
8664
6651
4480
6005
7921
6406
6040
7141
3204
7686
68
201
9008
9220
3515
6809
9668
7151
5749
3140
4466
9998
7747
6474
177
2386
9176
5227
9258
5245
4323
4742
3380
8630
6792
2486
2244
4664
2324
7945
9377
1586
182
758
9952
8467
1219
7663
2404
9699
9378
5848
2139
4221
5672
4808
8700
8062
7844
2703
7236
9132
8750
2252
5231
0
2189
114
4761
5812
9127
1534
1603
2823
989
760
3406
1124
9892
9245
6912
553
1392
8117
8182
8099
4844
4940
5120
7220
4588
5250
9435
8230
5517
9517
17
3310
7688
7147
4025
6839
7567
5381
2200
309
7703
2295
2916
8499
7335
2648
7602
6591
5016
1652
7457
5463
4164
1461
374
7992
9875
85
4798
1633
6879
1936
5255
2821
5886
716
2146
5556
1955
6667
9547
31
1253
446
1078
9615
1607
8136
7717
8431
8869
2412
6571
9137
9428
4372
5445
6806
7291
4734
2724
1919
6598
1659
7563
1461
8951
7213
615
3605
8618
4813
4691
8244
7580
2602
6592
8037
677
3794
4943
1540
7484
8000
4326
4294
4145
5805
3025
4827
1577
4569
6815
9359
7429
6270
579
217
9880
3005
5500
8631
4172
8023
7808
1679
1494
5867
7455
2246
7650
5919
6660
1144
6900
9194
6868
7091
6592
98
5540
8739
9707
5852
3383
4743
2781
9502
4057
8655
3385
9542
1222
3769
7332
3371
2089
5122
8017
1729
8613
5969
49
4192
2966
4681
1853
5574
4193
4747
9534
9658
766
274
9727
4024
7840
7295
3058
6373
7165
2035
8216
7591
5764
7672
4736
6188
9363
3436
5606
6310
3249
4339
3880
3592
885
3692
3072
4954
8800
880
2168
42
7472
4297
4675
9415
8930
1149
2655
5151
4254
3715
4253
7890
6005
3551
7570
7586
4868
7478
5668
750
6898
9773
1435
3976
5133
3085
2643
8867
245
9219
8556
5512
2165
1805
7917
7895
3771
8355
1661
3001
5420
3616
2415
9921
7048
8966
2597
3677
1524
6533
4533
9347
8837
2359
7058
7528
9114
792
1881
5106
2529
1077
8304
1660
4089
8315
875
3885
8666
6175
4282
333
6479
9005
9888
2162
3356
9205
6601
6971
7451
277
1490
7650
3180
6632
1861
7983
5568
3679
5979
4701
6476
1568
6071
181
4927
2762
77
864
7435
4949
4570
1098
5064
4848
7442
3403
9158
8520
747
8886
6920
9851
4180
7387
9685
5605
3135
4728
7226
5886
3349
3029
2169
9849
2074
7416
8230
1810
4507
4831
7357
4201
5532
7836
4374
1305
4816
7607
4073
3338
8030
7193
8968
9110
5017
6834
1267
8318
1530
2646
6972
2831
5372
5435
1286
3353
9646
2391
9612
9307
2757
7679
88
3374
7078
3092
3401
3905
8380
8275
1187
7217
8264
7891
9186
2041
5365
9331
6929
2396
1340
4089
2213
850
6240
9566
4806
7335
9858
4226
4013
5081
15
158
7848
9481
5989
5608
1327
1425
7347
4157
4910
1577
2346
8826
2801
8398
5812
514
8513
1268
4894
1098
5188
2866
3498
4655
7281
4576
3260
928
2019
567
8339
5442
1665
8323
8950
6077
2454
5424
9044
7398
6308
4278
46
9628
2998
2730
8511
5838
7057
500
6095
530
9042
6614
7195
322
200
15
9873
5170
6671
6828
6280
1472
1034
2156
1404
146
1750
3841
1533
8541
9836
8097
2068
514
6133
4508
487
9145
446
7671
8230
8899
129
335
7458
4454
5343
4013
2596
7551
4425
4617
8899
9807
4365
5346
2032
2602
4978
9295
979
7462
8105
8797
8520
791
2909
4507
8654
9454
7630
9794
6166
3143
7277
4740
4197
6884
3153
9960
9562
5746
4547
5922
9235
3558
6515
1814
7760
6615
493
6865
5189
3356
3093
1716
3174
3197
1992
8603
5828
7072
1267
8824
4759
9347
121
3408
5429
7251
6095
5888
6985
196
4718
2187
5640
794
159
9356
5313
8183
4328
5973
834
3905
2546
2088
8557
7317
3859
8651
3000
5121
2715
2898
4266
736
8190
7203
601
6678
5803
4291
1357
8811
7311
6152
7859
6642
9975
5249
2648
1024
8967
1960
9346
8939
4203
8526
6860
50
674
681
2061
9972
3193
4873
5554
5496
3660
2995
9001
9601
8637
5109
7040
124
3016
8649
7721
1578
3204
2135
2500
2144
3399
1398
5910
345
2483
8551
8413
3418
8558
6328
3585
4489
8794
5851
9356
2759
3149
1410
2045
3701
4437
9490
758
9949
1279
5552
6213
9836
9382
8249
2938
8737
2800
421
1036
3947
5129
3911
8950
6736
7192
9198
5481
5065
1418
7244
4411
5173
6305
2665
237
2553
1961
9745
4124
870
1091
9171
1240
9095
4974
4690
9315
3931
3823
9041
285
4164
7839
8462
8368
2578
3680
9937
2419
7523
8747
239
5976
9093
5882
7126
346
6881
4814
2976
1647
2634
7802
2904
5705
8043
5809
7402
2209
5369
5217
219
6268
4627
8805
7036
726
3192
9947
7099
3964
1036
6784
9388
1452
6601
8306
434
8891
2107
368
3876
9267
4409
3338
7856
9883
7427
2296
7112
3324
889
262
1553
9159
3044
5733
5409
1007
3272
9736
5436
1901
6157
68
9200
5023
4522
3770
2434
1419
1523
9120
6135
3722
795
3101
9655
4401
3498
8295
4027
9707
1850
7580
6101
3990
723
924
6429
2445
293
4174
4229
989
6477
7164
4192
3120
5759
3966
1372
5588
5090
4404
3491
2437
9858
2780
1412
3451
7778
2565
3429
8615
7791
4851
9739
9700
9909
3563
1107
4085
4109
5531
7951
6901
7077
2725
5475
9943
9368
2682
6247
3018
121
3845
4688
4473
3810
5367
958
483
2261
6800
8494
3273
6961
8061
3122
6880
7772
5471
1773
1968
7362
6180
7155
1179
6710
8781
7960
8804
6341
1215
9850
1674
270
7293
7636
9284
986
5440
205
4059
672
7993
1697
774
1498
6410
6076
5983
6319
5784
544
7198
780
4908
1775
9043
1610
5893
8561
5137
6490
4950
5891
7385
882
9280
7948
6526
405
7275
4279
1618
881
6819
922
2569
1433
3560
3593
3976
2864
7270
9955
432
3610
3500
1622
6934
7505
5224
6699
9973
8240
223
491
5217
9892
2977
5041
9972
8795
3207
4845
5746
5904
6823
659
464
6726
7337
6710
8776
6364
1651
6977
8507
8653
7936
7912
4808
5650
4843
3209
4383
3771
9041
7229
7086
1563
7201
2638
2141
4104
352
8192
7812
9200
3205
3247
6821
831
5603
3084
5540
2954
5288
6273
9248
6607
3039
8954
2683
1136
667
3597
5695
1652
4859
2597
357
9571
8465
6028
7309
9267
6545
536
391
8925
6856
9547
2953
7501
7959
4742
4510
3923
7446
9583
852
1632
2456
3411
3401
1098
2618
9767
6731
3777
7451
7688
3248
9851
1123
5115
9470
4692
4437
1182
3983
9941
2461
7643
1777
1007
8573
7867
7989
7918
6220
9261
2378
4560
9234
77
7563
7382
3356
8746
5590
1823
881
5864
5265
9516
6146
725
9993
8458
728
1566
9625
921
8282
2451
7530
6210
1526
1232
8807
6866
3229
678
3939
9123
8417
8152
3211
1319
8447
4545
5131
7900
667
2256
1424
134
6304
7921
3287
714
9610
442
2010
3519
7187
1314
4233
3939
951
9327
2689
6430
9979
2987
4942
2052
3536
8164
9438
1463
1319
4111
8559
6930
5044
595
7708
7876
4871
3949
6079
9985
6318
1257
4426
2441
9547
8828
3309
7722
2808
6970
636
6511
6905
216
2510
4800
3426
3314
7082
3221
23
9349
5127
1018
8915
8561
48
9048
9113
8065
4285
8976
9026
4918
8309
7722
5569
4725
4346
6389
533
477
6277
1872
3964
3827
5984
7015
29
4666
3784
3006
9053
7934
2175
7712
4229
2139
958
4592
7202
2848
4700
5886
8471
2662
1019
8623
1891
2692
2238
8427
6814
7502
8335
3831
8944
8530
1256
9789
2634
2989
8527
5196
5688
6592
5839
3678
5519
4004
8681
8169
1353
5269
8415
4227
1273
4595
8650
6307
734
3730
1955
4728
1450
139
9652
9959
4618
606
8676
2749
6131
744
3783
9618
846
9040
9140
1972
2476
5460
4654
6144
4653
2083
752
9856
133
8383
3585
4374
1665
5510
9182
3322
4292
9572
2142
3931
9218
496
2844
6657
5496
6711
1423
7151
5272
1987
2931
5043
6061
8139
9795
8552
9048
6724
9733
7482
4382
6177
926
9281
5256
8071
9000
1891
2765
6672
3973
1791
8766
6319
5711
5196
6169
7389
3036
4318
7728
4078
3676
1446
2880
2902
7685
7719
5099
4718
2815
4219
4769
7111
7473
6177
8785
3067
6447
5090
2216
2149
4903
4301
520
9158
8225
5601
6179
1779
1529
4951
8386
1717
9726
1348
1903
5430
8279
9135
3236
4844
6660
6217
9505
471
9317
5315
1
6650
5562
1772
2707
978
7143
5225
675
6039
1944
4496
7555
401
5055
3556
1312
2840
8338
1526
4946
9686
243
1449
1194
6095
7950
6323
9400
5622
9100
6063
1279
9369
2806
6122
3515
1463
6553
7476
2827
4999
1701
4179
877
9005
473
2316
4480
6535
2832
593
1289
7543
3663
6478
4302
3930
8117
3216
7770
2200
1291
8287
935
5243
2782
2352
7826
3311
5713
8903
2346
3400
2228
3977
2292
1128
4659
145
7593
5114
3560
8853
8048
8167
8107
1912
2099
7008
9898
8988
8885
4838
838
311
9061
2711
9002
7711
4112
9889
2431
8365
6524
3181
9395
1737
5795
4222
6652
5262
4013
1843
5824
8286
5410
7110
8611
5734
4572
4018
6136
3682
7889
2109
476
227
4245
8456
6362
8424
3898
3270
1385
6350
3125
6522
680
5737
5443
783
635
7946
2381
8939
4381
4029
8581
206
1931
589
6864
6623
7192
5631
5977
6273
4531
5064
6734
3098
8450
7451
4147
6055
5708
5522
3610
6670
1182
4985
3273
6734
6527
1105
6167
5845
9143
1866
6042
2694
1306
2788
7484
7864
8021
1994
7710
1931
3244
2954
8318
2549
2936
9006
9634
7564
8688
5000
8437
4409
7221
5309
6694
6802
5374
3690
9598
6370
2315
2531
9205
9418
2644
8620
4736
5331
8594
7181
9076
2600
6850
3303
5659
5565
520
9731
5036
4474
4102
3128
6486
631
9453
9855
1719
2829
3417
7214
4525
1184
2898
9099
7647
71
3378
9401
4138
5226
5543
3327
1380
6565
2733
4527
7829
6261
3639
499
1889
7327
6268
2492
7210
2973
8449
6990
7923
3024
4386
1527
7580
903
1514
2592
3332
1378
3091
7736
9127
3264
5303
6809
6741
636
613
2316
5893
4348
4285
9380
3626
28
6678
3636
1875
8636
491
2094
1084
7470
2782
1943
7192
5096
762
2780
8191
9954
4281
6959
8745
3035
6197
3127
8181
2833
2320
856
7457
7312
6236
9376
8148
1229
1504
8386
9013
79
594
549
1518
3901
7396
7004
8846
1669
7156
7784
2393
9888
4296
3083
7483
8401
3642
9330
7028
5317
9421
5906
864
4745
3715
4145
6454
3312
7918
6145
4636
9031
6738
2604
1647
3848
2620
5372
2126
9843
2219
8851
8714
2520
109
6169
8550
7063
5844
7632
5504
8037
3047
8740
4779
1316
5684
2360
5154
5937
9679
1085
6956
600
8044
8853
2099
9775
2777
7533
6723
288
8003
5186
6705
7027
9530
277
9564
5064
3381
9221
7196
9241
5424
3725
5521
6723
1120
8305
6180
3167
2836
780
4703
718
8479
7498
1641
5484
7056
2343
5078
3890
5524
9113
9483
1684
4851
7757
341
7787
7805
1972
5131
7038
2341
7996
8503
9201
823
2099
4208
9652
1526
3058
8136
4733
4188
6173
3742
9598
8530
431
1490
3447
4380
5940
9010
2207
9031
8375
6972
6270
7369
7865
5932
4726
5719
1728
3299
2721
2532
6977
749
8553
9027
1524
6450
9709
4342
8498
5772
6431
7263
3734
7523
8774
7208
6564
6979
9047
61
2085
1976
7748
2657
561
7785
9033
8150
660
4754
1411
7723
8221
7980
945
981
9527
7560
2830
3043
8731
7658
8144
8272
5141
9604
2660
7835
7528
6315
7120
2036
7126
693
5284
741
3438
5530
4359
8136
1783
434
4922
3529
1137
1668
3979
1964
4719
4399
8070
6853
1411
6846
2282
2110
9941
1805
1783
7686
1340
9539
8699
5516
9854
9046
2542
3833
1692
1650
4982
7315
5776
712
7867
1430
1557
5460
2281
3548
4507
4444
3280
2528
3298
1730
7095
9666
8750
3331
1977
792
99
5917
4154
5455
6289
5666
2967
3798
2099
2807
877
6058
6110
5594
5690
8043
4137
6854
6603
8707
4453
1805
6069
5510
3619
3574
9957
9806
277
7478
5897
4481
2664
8499
5021
6479
9514
4874
2644
2264
1252
7759
5570
1764
5530
9958
842
3713
9844
1948
2853
4711
9534
701
4882
5531
6019
4015
7118
6143
6181
5405
7690
4336
9575
9661
6454
275
3625
6365
3844
6340
2080
8666
7179
5800
2036
836
9280
664
7442
5301
2297
2539
7182
1197
200
608
4502
2967
7047
8556
4350
3454
7140
4013
1450
4541
4327
7
9435
1690
6610
8824
2658
8179
2734
7962
891
6704
8576
1829
9896
2645
5349
7132
5372
888
5339
8638
6440
9601
4154
6753
4603
223
4252
5219
7176
1032
1091
2299
9367
7963
1858
4063
678
5797
5618
5301
4131
3969
6308
2296
4601
7358
2295
2070
585
6438
1237
7631
7678
4398
5106
805
2500
9196
8495
1431
1665
3925
9167
6898
5539
3229
5603
6603
9152
1140
2276
2981
164
2869
2565
5227
4423
979
5718
2656
3285
7178
6649
5614
4834
7188
5106
7579
7026
4860
4081
7346
8134
3716
393
3297
3712
6786
5867
3378
9891
2883
1391
2585
8437
4591
7053
1585
3478
8244
6381
542
6649
5365
8392
3508
7017
3969
3599
6706
2192
2854
7744
1546
7448
7894
1777
9650
1073
5301
8674
150
3007
5767
131
6406
2618
7681
3554
3354
4458
4171
1368
7811
4514
1634
7447
9205
8407
8647
4720
2860
7601
7892
5517
1900
5666
9818
7887
9599
533
5498
8803
922
6613
2258
7346
9063
6780
8929
9646
4088
4102
8397
5280
963
4542
2285
2465
7221
3913
3724
4412
2602
8070
5150
2318
6398
2985
3148
2037
9337
7431
5445
934
8188
6103
4626
1083
6956
7220
7316
157
7180
6396
792
8936
3062
8931
489
8417
3425
4083
7300
1687
2873
8071
386
8844
427
4228
3169
5816
6788
8642
7113
1586
6984
9224
7331
4420
6148
6964
843
1017
6554
201
6165
664
8552
6913
267
6047
7270
2487
6975
2741
8088
9632
6564
2272
4713
3376
4612
3103
3549
6001
4986
4471
5252
6514
9104
5692
3357
7152
5699
833
6798
7097
9378
789
203
8146
7718
8254
6376
8065
1531
8429
5006
8344
523
2186
7351
2181
6073
8896
6657
7450
4814
5059
2999
7659
6285
8018
6434
4200
2990
2875
1764
8980
3208
4407
4625
2904
8638
5175
824
6905
4861
1149
9243
1933
6991
1217
3484
6074
3067
7150
3983
312
8607
4006
5842
3669
3520
6976
6231
6448
452
8411
7805
570
2336
4456
3513
3015
9920
9444
8802
2608
2613
9622
6204
1075
8385
2631
4053
6514
4105
8748
2980
253
4862
6224
2177
419
2618
9184
1080
8247
2655
1763
3078
4954
9184
1827
3770
2643
7800
8792
1898
8870
7565
9539
3923
7101
8497
5296
117
2802
8143
9285
2897
5552
6196
6029
3474
9637
5080
462
3531
8112
1092
5461
5812
8809
2816
544
4873
9382
5499
266
5514
7165
9448
2553
9927
4929
2181
8660
8895
673
8864
3559
3728
720
1119
2342
1785
7184
8938
755
7830
6858
2672
7604
8554
6867
6070
2199
7201
5711
8602
2626
1642
6684
1477
7482
8188
6764
7110
6287
2859
5055
6339
4210
3512
5138
2750
7403
1992
3512
8197
2761
9726
7198
1968
1597
6405
4581
6068
4157
6866
9621
8848
1761
7904
4166
2255
3739
6269
8395
8036
9461
200
9844
403
4014
88
8487
1006
1010
3791
2357
5611
2618
3390
3502
9827
1128
9145
1821
7399
2553
2858
6464
106
8618
1138
1498
4236
1108
1308
7798
1463
5212
4101
7211
4912
5635
7697
6991
436
8371
9096
5591
357
2475
5108
1751
6331
9671
9356
9373
298
9433
5582
4830
697
8486
9220
9386
5635
4994
5143
9797
2957
9729
1581
7267
2947
2930
8367
1781
4205
3872
9824
123
2369
8153
5362
5014
15
5360
3429
1138
8520
3605
9410
8591
6317
1681
3154
3639
6727
5346
7082
6664
4188
9819
5886
6530
338
3699
4790
7827
583
430
6378
822
4777
8617
3948
2278
4095
4259
3922
6139
9914
2232
2241
1477
8946
3635
1690
4467
779
3106
1576
5850
803
7972
2524
7558
3168
4680
3572
8424
7388
9800
3912
6266
2761
6377
1288
180
8932
11
6311
8468
3951
497
1678
4058
7434
291
4119
4078
9235
7884
3036
6530
6546
3601
4226
7570
1607
2826
8626
9400
9008
8276
7095
8890
9048
3566
8482
9822
6993
1247
4311
7771
4918
1931
1045
7029
3968
7552
3136
5655
2280
9424
8672
6952
2407
6997
2149
1426
1577
9589
2543
2208
3996
257
5049
2035
2591
6399
531
6461
3360
9458
7479
7164
9882
8842
212
5175
3740
6276
8879
6102
5408
4719
8407
4166
2454
194
1000
5037
5846
5640
715
5225
6952
7085
4581
138
8350
9464
4590
4412
1201
5231
5844
572
404
9916
8593
5946
815
469
1873
9160
2090
754
7150
3825
1426
7894
9962
338
4126
5775
6710
60
9589
6176
5647
4793
3429
8227
1509
8071
5471
2440
950
5817
1149
8959
7092
3000
2957
3128
6467
6089
2394
7040
154
4619
8618
7876
4251
7584
3686
2941
6622
4415
28
6912
4532
5610
6760
5633
8209
3146
230
7394
6961
2339
1998
9490
6221
9220
812
8385
128
3135
4869
8416
9425
8502
344
3230
3586
2626
6426
3108
2174
8868
2901
1008
113
8369
742
4306
9247
9247
7086
9240
6348
606
6098
1962
3891
8682
8363
7467
418
5991
5726
2909
9496
5124
5266
9083
5155
4855
6189
7171
5528
3853
1175
5597
6984
976
7205
4961
1143
5293
4715
8669
4196
638
5821
7514
4012
7973
948
1003
2322
1863
2415
772
9663
5893
7050
9843
7056
2724
7707
696
2538
6231
9412
8266
2928
5809
4718
3680
5102
6957
7063
3375
9824
1120
2584
7744
5416
5542
3445
3179
1230
1869
7900
6216
2128
9125
9649
2452
4096
4201
3144
4464
959
8194
1519
5629
402
6459
1128
1864
3348
7137
6371
4520
8870
887
300
7272
7493
27
4699
8752
8356
1758
8915
4960
4420
1384
1321
9274
5919
3842
9018
3446
1781
4112
8387
5023
7217
7618
7678
5492
3184
3993
6355
1333
9316
6998
5615
1786
6585
6889
1981
3786
2853
4994
2157
9038
1653
6837
2878
3102
9534
8917
2914
6006
2532
9944
5047
7916
4896
483
351
5543
7294
6987
9111
4598
191
3522
6049
5939
3461
5015
8867
3284
5490
7356
5834
9058
2199
1581
7395
9008
1607
1927
2494
7377
697
7211
2859
6881
2321
9987
5537
976
1651
640
8680
3183
3231
7748
4193
8405
6969
8835
9170
6752
841
7370
8281
1430
6149
9399
4886
6091
7028
9071
9604
3925
5289
4497
8401
6071
1190
6193
5009
3661
413
7195
2795
1829
137
9741
9982
1251
4959
8251
4909
7819
1412
1283
8526
5489
1315
7511
3931
3441
3239
2347
6068
2476
9539
1667
8337
8753
2017
5223
4558
4199
5364
8269
8125
6772
7436
4427
1544
9926
2062
734
4450
5568
6784
3321
8296
4701
3320
9904
7765
7600
9781
2797
2366
1407
3390
273
9884
3933
8853
847
847
7880
4099
4605
928
434
7086
4719
5155
7685
71
1752
936
9096
7160
3997
4758
521
2168
8716
9890
8287
3868
5599
4140
2708
7877
4018
6083
9414
8590
9490
0
5073
8230
5866
203
6806
4456
595
4245
5466
3648
8503
4988
5705
5680
6301
5394
5287
1757
9517
2374
557
1739
1832
949
8661
8519
1651
6360
948
6075
3833
4547
8053
8501
2856
6413
8355
6072
2711
2013
2457
5319
5641
9306
9905
955
4190
6397
9297
6953
5719
6830
7805
5054
5225
1029
8272
9344
9760
6887
6471
2049
1033
2640
1615
6047
1427
3857
4335
6519
8815
1941
8892
8255
7096
3267
2182
3595
2837
8908
3481
778
3122
1579
8755
5903
8890
2538
7300
1553
4161
4880
2438
5464
684
9946
4629
2282
6428
5760
5304
68
2606
955
4919
2845
8496
6294
5775
3528
9616
3149
205
5551
398
235
1322
2878
1054
9092
9355
8506
1211
3897
5588
3577
4472
2198
6717
106
6557
8140
5375
61
3226
3748
7248
8420
6075
2895
8598
3554
8936
3786
352
2341
6159
6031
4880
349
4144
6596
7193
3929
8606
612
3335
2692
8465
4710
4522
779
9543
6725
996
1485
710
4416
6330
3247
4425
7859
3877
5950
2294
3081
103
464
2899
3242
5054
9491
3732
2038
7796
2759
3973
1115
8215
1686
4786
7996
1795
4342
2083
5410
463
5092
7534
4536
4267
9303
356
4597
8227
2138
530
366
2678
8361
4641
7778
5415
3759
2718
319
643
9472
7690
2840
9996
6141
6744
6066
5130
8917
4961
2588
1174
6791
3644
9112
3813
6590
871
7662
8658
5774
2260
3000
3978
4797
1276
8565
9742
5178
492
9086
1416
4926
4158
4369
2430
2816
5525
5966
5503
9321
2145
2117
9194
9662
6141
8267
3340
1166
6409
3116
1962
4468
4995
6047
7041
7277
352
6850
93
9758
5269
5924
6825
2459
5911
1240
1591
6592
2256
7602
473
751
4347
6541
95
5047
9032
8717
4524
8277
3054
21
9830
4279
608
8159
6925
7164
6786
1521
2437
1954
7569
2828
6203
2325
2761
9734
6379
6235
6733
766
90
5728
265
9178
751
4002
6222
4313
6679
478
746
2375
4479
9248
9113
7424
8609
223
4789
3030
5949
6263
4096
7865
9661
4620
7060
5926
7582
3946
38
3351
6161
4446
4926
5803
8920
5478
1852
3363
6482
5129
3870
2455
8603
4063
7589
6931
7319
6737
4070
8794
6221
4032
6476
585
4707
180
7123
7192
9115
3915
5748
10
9111
4785
9314
1902
5699
915
9772
4956
6701
9423
266
9202
3902
8995
3821
7050
6373
9664
7139
566
1004
5177
7098
9251
7407
6388
837
6339
8222
1134
9232
2134
4866
2058
992
4072
7096
8120
4170
7982
342
3096
6382
5071
7605
5816
7345
9539
8134
8099
1728
7721
9742
9062
8821
9896
2779
9221
537
4213
6055
3121
7092
8955
2839
3627
2805
5236
6027
9962
7755
949
2709
5449
1471
8726
700
5978
4046
6047
7618
436
3804
7733
9175
1798
633
3878
5865
2156
4479
2641
6022
5511
725
9749
645
9164
6286
3516
9672
1710
4483
168
5980
9400
4276
8358
3354
5934
7558
4478
4254
1537
6689
8501
3844
9421
5956
7788
6364
4097
3105
3710
592
1095
8338
7125
3537
5342
8063
4793
9227
6632
175
8519
3621
9415
4793
9577
5896
17
5032
4559
2320
6965
1375
2662
5958
2061
3966
2239
4744
1378
6278
2510
5707
9862
1153
9482
6157
955
7021
9843
1611
8748
7435
5907
5107
7098
230
4175
6572
8840
3400
11
6592
9025
8174
8911
5033
5728
6441
5000
43
3614
9758
486
6881
3505
7475
4494
7930
8086
8156
9940
7027
8005
2461
5865
1236
8182
7787
7860
2336
1435
5937
7028
6367
7607
7527
7727
5144
8421
5060
9351
236
4423
7334
3254
9149
8107
1948
9611
7084
2820
1905
7701
4143
4882
52
6006
4602
5539
4574
2379
4887
3295
7092
3829
6019
2162
2039
4761
7591
7412
5704
6350
2319
4715
8609
2290
8426
2713
3544
7583
4800
449
1875
1110
8423
5482
9241
3440
4879
463
4006
6283
4313
4950
6451
6013
1733
5361
4616
1007
6714
9368
9877
4789
7740
7125
585
111
6869
7539
624
5334
4973
7016
7167
8860
2748
5286
2979
7833
954
3032
6533
5
5684
8040
5442
2832
3927
8021
1999
1036
4493
5952
2538
5960
9079
8508
5814
8506
7070
8387
9337
2032
7121
3887
7430
4726
1036
2503
2059
7059
5912
2899
3878
8231
392
1483
3646
7396
3246
7219
1896
1880
8020
7021
5410
6658
2152
9580
3730
7684
5335
1186
4847
7942
1659
4538
7378
5850
531
6725
6876
7741
8750
7051
7051
5125
5136
1933
6462
5164
5468
9470
8485
8103
4500
4304
2745
4625
6724
1652
4489
4390
2615
4739
9301
3234
8229
1808
3687
7028
181
1213
8704
3053
3472
9521
9207
3748
6525
6401
6615
539
2691
7534
3958
8745
2241
9106
4789
7535
1061
49
7529
3177
838
2015
8768
9568
4383
6249
8733
4714
9291
8734
4113
5159
2829
5407
859
2605
987
5480
9224
6116
7046
2946
9580
8220
772
6859
8181
2472
8376
426
9418
5396
2746
3577
982
8293
4342
403
7589
9069
2751
3367
4176
312
7708
4347
1117
2663
3791
4297
1373
5061
9695
2075
1341
5959
4940
452
669
5707
3690
2672
8484
2956
571
702
9887
3919
1748
837
8114
2237
1979
3543
3692
9326
7690
9765
1731
8923
9848
3861
1700
6064
4107
1818
4610
8814
394
5507
2444
7163
579
7227
9771
9136
1771
2370
4337
7898
3073
7217
7554
219
3531
2371
6763
337
1639
2036
2340
4252
2132
1055
2855
3465
8741
3641
8369
5424
7233
7037
9591
9523
3002
9758
5879
5094
4967
4331
315
8617
4237
3077
7932
1410
8024
1720
7983
5974
4207
9650
5583
5869
1273
68
6431
5572
2235
2584
9130
7517
3156
8768
8640
3054
8951
2895
3036
5660
8016
7654
7992
9546
2802
2420
4237
8489
7731
8535
4850
6833
2064
8743
5092
5302
4718
9777
6005
3153
51
5377
6333
5847
4382
1666
4465
5612
5948
2918
3311
1849
1092
9274
8523
1505
3377
1631
3385
6476
233
6386
7011
9906
5028
6864
3320
9855
5219
7761
6864
8586
9874
8916
2403
8257
120
3190
439
8893
3250
5446
376
9788
6449
9701
1793
8780
7382
8957
6098
6442
6887
7149
6663
251
478
7915
6799
785
5294
3255
663
1035
3755
2802
8969
8647
9871
1034
4268
1028
545
2206
9909
2890
7461
5320
2830
2654
8383
5410
6202
631
1673
1064
5585
3180
2669
3034
6147
3978
1009
2023
3395
9172
5071
1028
2533
3810
5200
1844
4603
3393
8950
9925
3490
2879
2084
3000
2667
6778
1817
3858
8679
7128
4985
7851
6784
6556
7984
6221
9187
8593
3552
3123
1201
1017
3725
8148
8023
2783
2144
4708
9530
9294
1601
254
7206
5382
4533
556
3691
4826
8058
4945
8145
4117
4021
8517
6142
7851
6217
6263
7204
9133
335
3885
7094
4836
2777
4814
2273
5678
2710
947
810
9357
2042
6574
6139
9227
8163
7515
7036
4026
2063
620
27
6871
5002
7428
1088
8151
7659
414
5257
5280
5299
2578
2076
3704
1341
7436
8426
5924
7347
3391
4803
3204
246
2775
8756
29
3262
2153
1811
9155
5734
7934
7414
2334
8597
2596
7667
460
2714
7095
4937
5034
7758
2275
6240
7749
261
362
9716
3663
5063
8600
4768
1928
3480
9027
9883
3354
2642
4947
2986
6380
9032
5614
3509
4869
9254
1380
3711
7207
6905
9331
985
5921
7324
850
1603
6965
1117
8923
998
9661
3592
3017
8500
118
776
1251
7302
7092
1775
685
8123
7391
6450
6797
1569
3824
437
3144
9284
2323
1242
1002
1115
4440
5097
630
5052
2228
1479
5679
4041
8819
1152
8426
735
1437
8048
7554
6829
1238
6748
2987
8841
1330
4300
6464
8292
4893
3787
1126
7065
3323
371
1507
7823
2168
3768
8527
9621
1506
2897
9966
8020
8452
9100
5724
1232
6006
5859
6711
236
3221
4002
6179
7054
1846
8079
5994
4687
7569
5126
7340
2000
9989
2937
9083
8053
515
1976
4170
2696
8287
9510
5231
3820
9644
7655
5538
3085
5948
4897
9724
6957
2627
3343
6414
6227
6831
3120
1195
6447
2191
3763
1557
6190
1933
5290
2333
9942
3305
5416
2577
6281
7504
4239
9694
647
488
651
6564
3330
5659
7501
2556
8647
2034
9495
9398
2039
8185
9247
1180
1450
9858
1780
4214
9789
2273
8673
8468
6944
7396
7273
8714
8876
5433
6987
1658
9766
8184
406
2469
483
8916
2297
8927
4290
5278
8239
5891
7364
1693
8640
3093
9340
9941
5787
9596
8592
4999
9368
8780
3565
3628
8084
5265
130
5540
4152
7174
9159
5091
285
8239
7367
4892
4394
8967
5323
6083
480
7458
4769
5628
6909
1227
4375
7417
7512
7136
4844
5517
7032
9216
9842
1037
7544
450
9072
4327
8968
7358
9804
5225
8966
5810
5613
4130
7094
7457
56
500
2701
5466
5161
3049
603
968
6047
7387
9778
465
9379
7387
3779
6585
6443
9294
1912
4083
8750
7586
887
1283
8022
7308
576
1219
9146
4739
9184
8787
7901
2767
9121
7988
1079
7102
1753
5863
686
2619
5286
3986
2028
6620
9719
7201
4111
7452
7010
3800
8401
1085
3796
8443
8783
3777
8570
9073
1504
9654
9123
8602
1448
9784
7749
5202
421
524
6105
9720
5174
114
7588
4045
4846
9517
8601
9324
5446
8600
7169
471
2868
5246
3925
7962
4202
1782
8082
5018
1139
7223
2684
6244
5295
5837
9933
7825
6646
1794
1720
125
9747
7858
1193
6792
7709
9632
3627
5906
2273
8887
2034
2913
3442
2585
5329
6383
5687
6396
6098
4882
2764
223
8046
2243
4107
6936
6192
8043
9406
656
4786
4632
8506
8425
5410
8135
3980
3658
5812
8704
1935
9531
1159
5932
604
7690
7741
33
2169
7622
3162
7927
7666
8021
8905
5075
7723
9141
1740
9939
6409
5498
5322
2586
361
4038
5602
1537
628
1266
5066
3579
4968
3716
43
7170
4278
5076
8900
2325
4123
3673
3771
4305
6049
9299
411
3812
5864
6447
1777
5292
1938
3139
8146
7902
8221
2605
9607
5348
2739
4587
5908
4527
455
2867
8163
8426
5469
2901
4004
7444
3482
5543
8666
2975
4715
7698
1671
4851
862
2743
3444
5993
2186
861
9329
8864
9010
8096
5132
8691
4196
9006
6598
9876
8753
1603
7787
8999
988
6210
9546
2733
2836
238
441
49
7849
8425
3207
9135
6897
9165
1135
894
9874
4358
2344
3127
2965
7453
7145
9607
7129
541
7529
2122
8820
201
6025
3386
1427
7576
9880
2573
3793
2634
3327
6907
5330
7745
9259
7924
6428
4049
6632
5368
848
2487
6372
4149
1123
5627
5979
3541
6432
4266
3244
5673
1348
5103
6321
3506
4313
9915
1554
424
9580
5770
1181
6280
33
1321
2299
7923
9107
5719
2442
8046
7764
9450
2955
9305
1214
3087
3412
5785
4413
6032
6532
4942
6130
5934
1198
320
7934
5359
1883
8573
3189
7727
4796
8962
4353
5635
4616
2517
6994
7240
8076
2504
4264
4369
6730
1356
4160
345
4443
1262
4667
4411
1781
7601
9597
3377
2073
4772
1975
6238
6313
4724
9634
2071
9281
1195
2559
2315
4775
1803
9711
6084
7674
9119
4042
3747
219
7692
8858
9127
229
8325
5198
2426
1442
540
671
7983
5322
8390
961
9068
4693
9195
5065
4471
2634
6818
5407
1989
5532
9032
6841
2914
7491
6760
8175
9560
3664
8189
8836
3726
6042
6946
5347
9174
1310
1690
8459
3277
30
883
4625
8234
3504
3481
6981
8620
4903
6488
7485
6247
8808
7803
7548
7105
3088
1260
8052
3974
6163
3379
1254
4327
1894
5530
8204
7086
1761
7662
6121
146
9036
1740
2457
6549
2192
5940
4972
6566
4141
8391
3251
4063
3067
3591
4796
6331
3563
6075
4684
5906
5790
5491
4001
8766
7486
9280
7198
169
3673
1205
2462
4345
5099
1892
1723
2445
49
1698
5974
5406
9222
3187
7153
928
7607
6111
4406
7347
5888
6363
195
1205
1337
3250
5578
4392
7134
1707
7562
4212
270
9437
4601
2011
2432
303
8597
2925
3100
6936
300
9112
5099
1478
8486
583
8025
4862
9069
3090
282
8780
2473
9605
8653
2354
6147
8401
3294
3168
3589
8536
5380
3864
7246
6808
9162
5696
4262
6316
1944
6629
5202
1109
9543
4853
3468
595
8609
5827
9508
5490
7933
7917
8542
2819
6529
5933
40
2416
615
3571
2510
2024
7748
5606
4745
7372
753
4063
2799
2205
168
2473
9068
890
4622
5486
3853
5203
5012
9591
5353
8499
429
3015
459
6248
1935
7033
5824
3664
4543
5191
3089
91
6433
5463
906
8450
9945
3569
8773
183
6855
640
9107
6541
8405
3710
1327
5843
1291
9449
316
341
2705
8812
3732
4707
6756
9927
2628
5470
5204
1144
8823
2657
10
7390
755
9356
6538
6925
5980
7579
4707
2253
4336
2576
1210
6089
1775
3693
4478
694
1893
5611
5190
2951
9767
9457
2403
1951
370
5438
301
6222
4591
4277
4786
7937
680
9864
358
2208
3864
3957
6784
1228
4858
5547
2053
2022
1659
3029
4549
7621
3676
9722
7894
7961
1015
7556
5300
4015
6491
3563
5576
3502
3200
1381
7179
142
9153
9076
5799
6029
1517
7335
9423
8046
404
7353
6610
2320
8341
5753
3490
2794
4894
8965
2558
9855
1137
1885
1285
483
5757
1377
2938
9229
9571
3570
8203
7031
5224
3284
7997
3080
5868
5767
2796
3482
5751
2876
8765
7146
772
2621
8924
8243
8361
2179
5449
9493
3080
9989
8899
5279
943
9901
7279
2255
8951
6077
5727
5347
5620
9214
4790
525
2370
5130
9078
7383
4356
3256
9659
187
3093
2603
319
9729
6773
8961
4901
8033
86
6589
73
1608
3069
5317
9395
7222
9194
9719
7953
1141
6971
3401
3077
1311
2759
9098
2969
3955
5681
4007
6963
9675
7807
9567
180
6880
8390
3301
1549
9106
808
4194
8209
1883
1862
1470
3096
4142
2862
3846
9043
727
784
9351
4485
5641
4291
9528
3543
8050
6660
4768
4782
8047
4905
6715
9259
2522
845
2799
6069
4606
1426
5185
3121
4246
8659
7409
9556
4755
7899
6986
6990
841
1528
1232
1959
4395
4594
8641
6161
9816
9193
8705
8412
1546
7576
8233
6267
8575
8544
9187
7687
9525
3789
406
9656
3455
6585
9762
4010
3492
1555
6237
7432
2670
2503
3175
6375
9030
8747
5289
224
6245
278
2619
919
4779
7060
9950
443
5634
8220
4262
9252
5992
6299
5723
3624
6240
393
8373
4243
8411
1585
7867
3865
3183
9091
8810
2170
6366
3704
1463
1396
9729
6843
5955
6189
9015
6901
1065
6060
8972
14
7775
9092
9300
9835
1023
3962
5725
4240
3080
1946
9088
1467
8816
2079
2280
220
7865
3935
9903
6396
3152
3355
206
8545
2065
8184
7107
289
7164
7277
5697
5356
4949
9551
5895
3684
3743
6883
4209
736
4527
6768
3760
4158
3972
1011
841
8878
7476
5742
2901
9941
3674
3238
6664
1747
5080
2778
761
5468
8075
8251
3091
4630
4511
9998
6033
8758
545
1519
8237
7200
2561
3773
1504
4167
1608
6870
5314
3143
6752
5501
3941
7143
4946
7428
1150
1724
549
91
3147
7774
71
1112
1278
6851
8255
8282
1089
5658
9359
261
9059
5835
2306
9655
9285
1777
7038
4435
2019
6625
5125
7240
269
9392
3465
4906
7553
5131
8705
8974
6871
6840
4294
8875
7322
4403
7718
8354
5725
4468
9445
1495
6839
1231
4248
7677
1303
5190
6737
1402
945
7589
5352
6456
3933
3192
66
8632
217
1645
6925
7949
1525
5001
9608
2525
6986
4091
1125
9218
6728
7199
3546
4378
7668
7945
241
1374
6795
1334
9893
971
6142
4896
8591
1396
8293
4776
2451
4395
426
9531
4521
8685
1041
356
2927
6039
8587
7493
3416
5122
1178
7358
4138
5449
7638
1997
9184
9796
8983
8083
2418
7116
9216
3430
7869
5661
3351
8480
4329
6657
7847
2454
1421
3131
2280
4890
1746
216
2196
9943
9886
2275
6758
138
5666
6726
861
6590
1387
6125
9128
1363
6274
2376
3872
6216
64
8881
3199
3807
5609
4718
9450
5405
6611
3727
8156
3718
1063
5810
7993
4295
664
4107
2343
9259
403
459
5468
6381
7514
8449
587
466
1928
827
6160
1054
5786
1777
5584
2481
3955
9207
3308
1060
3760
145
2348
6111
426
4712
6371
6208
57
6473
3047
9249
4518
5825
5585
9974
2030
6265
9668
2442
6197
5832
9866
7541
809
5936
674
1385
2854
2285
9150
6429
5847
7444
5919
6191
3387
921
3482
1617
2462
1721
5050
3615
5203
1214
6234
7962
8296
1271
4022
8645
5539
9758
2659
2286
4355
3932
1000
3511
2288
5371
2041
33
7314
5552
2231
7929
3817
3924
2375
1667
5973
5743
3436
4455
5491
7411
7802
3248
709
5925
8580
2880
3915
9570
3017
9433
4448
8659
803
2109
2132
8821
1084
1409
5168
666
9869
5102
1076
9827
6083
6159
2992
2945
6797
929
6382
1416
833
6905
6257
5942
6762
8720
8997
6612
3216
7204
2840
799
9865
5431
7892
5960
2910
6136
8550
765
6928
6498
6433
6886
162
7551
852
1337
2527
2509
7282
2986
8211
1912
55
9482
485
4654
3654
2643
973
4113
3138
4631
6935
6398
996
4430
1528
4922
9734
2086
5683
7306
2482
5800
3603
9379
3460
961
407
9393
9774
5276
8850
8687
5136
6919
7323
8098
8135
9760
4795
7872
228
3581
8816
5659
8384
4651
5936
278
1912
9689
5737
5302
4673
9089
4074
8725
345
8643
8448
7184
1000
5657
3451
7767
2841
3435
2355
24
8902
2491
5200
1543
994
7586
478
9430
4768
851
1693
3132
4339
8463
164
1041
9102
2991
4381
4215
680
9186
888
8844
125
9215
151
3060
1567
2662
3711
4086
6449
5854
4334
3557
1161
6626
7231
5603
1546
6220
2021
8798
5162
530
8316
1709
4206
2436
559
3972
3245
1113
3726
4430
6352
2732
6105
9241
205
715
8144
2169
713
9154
3630
185
2600
5226
7337
2325
447
8840
8768
7008
9391
1957
1131
417
8589
1983
5088
8123
1471
2187
4547
2791
1045
6085
8664
2368
3286
370
7766
3575
9447
5035
9092
2878
2985
61
9424
8982
2441
2357
9394
8990
6872
8574
4791
4440
1683
8615
4713
4234
8036
1562
7452
2312
4735
5145
8934
6410
8253
5516
286
3074
5749
9772
6234
8495
2107
7395
1628
3684
285
8042
4980
3659
1061
2821
4895
490
6457
987
8448
5576
8149
2817
4942
2697
4468
7924
1563
2737
7194
9965
6741
6292
2487
2350
9311
7503
1957
231
3057
2080
2284
2977
4337
49
1791
8671
639
4043
5797
5958
6145
9474
711
5786
1889
8163
1392
6741
2147
8842
5035
2380
1436
8984
2941
7419
5412
4079
8806
2419
5069
3661
9580
2545
1679
9517
4880
6919
6892
9461
8753
5420
5959
2684
7315
2079
7336
3656
4265
4788
2947
836
3906
4884
3281
6438
6143
1311
3148
866
3885
5026
1783
6393
9745
5118
8313
4401
7087
8310
5284
6459
8508
5726
9805
6946
190
455
7335
7122
9784
9915
6932
105
5685
9038
856
56
2754
7754
1692
3274
7788
9620
9797
6724
5645
4553
363
2795
362
4238
7080
8639
6582
4612
2757
4626
2641
5294
7362
4533
599
1197
8267
7748
4402
3899
2128
3710
1606
4190
1271
6690
5274
5959
6174
5988
1166
7013
1399
7249
7177
1939
6765
9371
5697
6249
5688
5135
4985
7019
9556
4085
9279
2282
2955
6580
6352
910
1564
9415
6103
582
2819
878
8502
138
5582
9597
247
9549
4121
5492
1133
8953
434
159
4477
5801
8662
4221
7383
7203
9230
7741
403
4091
7551
9542
8021
2938
3672
8017
8938
1332
5909
2401
4857
5625
7225
3726
8511
1308
5814
643
634
7199
7684
6053
7213
6664
5882
2101
2719
4277
5576
6212
9697
8768
337
6219
9269
2241
4753
9062
85
9591
6234
4872
5389
1269
5817
6704
6394
2891
6989
4932
9705
9685
985
963
2145
5439
8669
2542
7059
1332
136
8957
3317
841
9397
3454
4301
2135
1154
579
1768
7518
4793
5989
7734
4620
8343
4615
2726
1875
4869
3898
1404
3008
5971
6711
3464
9703
4355
9281
7263
5193
2300
3923
7267
3865
6040
8607
6653
5100
3679
4465
2692
7565
5949
6606
3771
8689
7515
4230
9245
4046
8876
2400
1889
4867
301
3480
1831
8552
6559
3817
9625
2439
6069
8074
6089
8209
8516
7962
1537
1217
3928
5356
6311
4611
3947
7745
6881
4979
2997
5094
6356
2197
7947
6618
8230
1109
1356
2511
3509
294
9679
8329
3319
7419
3964
1139
9151
6580
8380
5353
3063
9478
8955
2434
2950
7796
3311
677
321
9243
5686
6850
4418
5781
3996
4691
1763
7714
3013
9070
8528
488
6112
339
8123
2276
5186
1844
9834
8571
6960
2820
8102
2743
1547
9337
4053
6709
9187
9431
9337
5385
5707
735
3017
904
1205
5628
3400
7037
3082
413
740
5685
6326
2984
9372
4605
7210
271
3489
5733
4179
7674
9568
8612
7677
4295
2135
9389
1930
1272
3774
6284
797
5369
6384
7290
190
7750
7577
141
5307
8190
3903
2481
9912
8427
2985
4546
2840
5865
8755
9222
8106
7753
8340
7530
5979
2247
8802
6591
1774
1545
1172
7585
6159
914
4469
2204
3457
1476
457
6436
1267
6678
2124
3384
7694
9129
5090
1301
337
3315
4249
883
706
5732
1190
9248
4304
9956
7446
5946
8714
7139
813
5550
5166
4445
8714
7073
8538
3696
1387
4187
7958
3880
6226
5663
5752
8278
3927
5103
1872
3290
9454
6830
2395
9142
3273
4225
562
6802
8613
9044
8358
6444
4172
3792
4513
9146
4913
545
5881
8767
8703
9353
5658
584
7215
186
1111
1741
6880
6114
2853
5944
1589
205
7101
9760
8688
2547
4995
5445
6928
3912
2442
5149
8729
456
8947
66
3973
283
1031
5323
9546
9606
4347
9178
1286
3792
3113
3459
5281
1970
9147
7175
2085
6828
2584
9016
5506
7651
487
6306
8400
7176
367
9576
3409
9974
4974
5766
1000
7110
211
742
5072
9912
9651
262
3657
4729
412
1002
2963
7964
9857
4127
328
6191
8414
4423
1254
3643
1390
2622
5352
1307
8137
8241
1752
2594
259
9782
1473
201
1637
7703
4667
7735
8175
1057
1134
6736
6578
3800
5062
7120
5971
9581
4232
5457
7906
8653
2132
1620
3296
5427
9491
8423
7538
5179
9275
3296
5231
6778
3038
3943
6441
2470
5921
787
1741
4741
8963
7545
3476
7913
4686
1833
2386
8497
8175
6196
887
3795
2098
436
3274
8495
9461
7739
2518
2234
3807
4806
4024
2786
2409
3800
8666
6301
8053
7484
3085
1390
2781
871
6671
4546
8062
2993
4497
5679
7425
9605
7088
8130
3798
6903
3997
3126
8847
1248
7723
1741
6175
4925
3389
9856
2440
5836
5285
266
2707
9974
2999
2500
5699
9334
5565
6551
6125
1898
8238
8544
1906
5793
5731
438
583
4334
4728
670
2471
7060
6255
3963
8313
2476
3849
4737
6133
6188
6057
8797
7336
2727
6642
1532
7784
7288
7364
7299
5343
1136
6259
1902
8078
9769
3799
2045
264
8124
6255
3741
869
4853
9368
370
5373
9785
1117
9872
3461
4360
5991
1199
9737
7040
9171
5619
4755
6500
147
657
3249
6380
9119
2286
8062
7077
6499
4384
9978
2860
6299
5541
6351
7298
9298
4642
2463
2550
7059
542
8966
5911
3337
3448
7983
288
7095
963
6907
7451
490
7691
5499
8403
7222
3359
2980
9222
8315
6809
8335
5788
8645
4319
9480
7597
8008
8556
6193
3817
9260
2238
7930
483
7963
3746
7204
7049
8713
5871
8389
8270
5499
79
484
667
4181
6065
7234
3613
1135
5921
2138
6765
5245
1670
2012
4318
393
9244
3056
728
5228
6253
1389
4922
6805
3637
1509
2271
3367
4941
4866
9470
1495
2203
703
844
2507
3272
616
9484
7445
7713
1723
2125
1956
3614
3053
4756
5603
8975
4483
9941
7461
7353
1339
8658
3075
348
1152
7323
671
9679
158
3974
4485
689
2142
3613
4552
205
8762
7982
3624
7888
655
4024
7063
9301
1712
2877
6989
5916
9507
6452
1898
8073
9418
3360
570
2017
2288
6973
1863
4521
9829
3051
8407
3290
7611
6038
3544
9454
3804
7177
4381
4599
3529
8107
4047
9729
7936
2138
3816
1678
8224
7785
1157
6812
8992
7512
2922
1366
6994
7509
7854
474
9590
2425
9748
4602
9278
2174
3904
2488
5372
7279
5637
2334
4353
6534
8679
9455
9539
1457
5381
8732
3652
3259
4229
6100
2050
8499
2588
1655
2467
2271
3567
2882
5461
2980
720
151
4601
9235
1615
8795
4378
9042
5422
5764
4783
3335
7687
3551
5094
8695
7331
3327
5260
6517
8948
1826
7554
1437
3232
5723
7881
975
8726
3257
4368
9507
1372
3428
6039
8715
6265
8988
3094
7438
7543
1368
6157
5162
5849
1658
7088
56
3221
1257
5938
5169
6202
7963
9495
4428
6511
7062
7094
7420
5558
8917
1136
6462
2336
6533
5028
2530
1655
6726
1290
6418
6479
5617
4937
1439
6930
4739
958
3361
3343
6171
3293
6344
4010
9472
5666
9160
7160
461
3205
6897
9694
8652
2941
8392
6482
6135
5706
2341
1314
9002
664
7437
9400
1018
1573
194
8548
2940
4350
336
3822
3345
8193
9617
9379
7031
2378
1468
4547
4918
2329
9146
9266
5326
3829
3010
722
5321
4530
6330
4860
7972
8034
9157
8363
8074
6816
4150
2556
3542
9589
3756
9599
8133
2804
6968
3279
1376
3487
6004
9095
7114
7952
4984
3181
3676
6259
5255
3923
5320
9756
840
5961
3434
6351
1308
5868
7290
8892
6415
2135
8779
9084
720
6962
3286
2036
2686
5452
3593
5274
9309
4858
6825
2932
3470
8607
8898
9151
4101
580
4723
5345
4774
2265
9455
2698
3876
3253
7678
785
6393
6051
7238
2618
407
5460
7555
3871
318
7078
6201
1860
8913
3687
7873
959
6959
8438
4512
2798
3215
76
6845
5735
2316
4755
4109
2463
9540
134
3290
7487
7749
7960
9230
1322
1434
2281
3576
5888
47
273
86
9953
3946
7401
7492
4181
9016
8817
237
1871
4858
6421
7075
8459
882
9012
1628
2612
1501
758
6235
4018
760
2957
7732
5670
9810
4682
1714
3015
5430
1035
2557
8685
971
5966
9010
2275
6252
575
8878
5790
6694
2057
9845
1765
2475
3283
3685
9857
7501
9591
4510
154
2759
1035
8756
6693
6333
6882
3747
801
7186
2905
3328
9110
6985
6108
5451
1764
2347
6260
955
722
6917
8114
4574
2331
4673
8704
9827
1558
2011
844
2336
3492
5355
6972
6699
1042
3513
3359
1692
4496
4575
25
6953
7282
786
4961
4388
6184
4023
3753
4992
8778
7860
4246
6300
4367
3207
670
7103
9607
7551
4630
5905
2963
6065
7556
2968
2412
4489
9222
4805
6477
2851
4915
5896
6265
7557
3393
1390
7540
9772
3447
3375
6248
7085
7380
1215
8415
3406
1359
2295
7733
9101
8640
3260
7145
9149
2114
6005
2008
1043
6380
7356
9038
5399
8419
6484
7735
6140
1453
5213
6592
2475
1870
9574
3883
4261
4614
6183
3604
5895
4956
2897
7424
2632
980
6600
3119
4211
7829
9423
1880
4197
8661
4299
6491
2080
1839
1350
9335
6233
7579
6561
6183
4951
6860
6214
9971
6740
1448
7763
7884
4924
9023
9037
7785
8418
9117
4418
3907
5432
1911
3690
3701
423
2721
2328
5823
7994
7530
7031
6163
6592
693
6777
9321
4516
5366
1541
2133
4457
8059
3522
5750
5987
5726
8671
1911
1971
7319
1628
4416
3601
5733
5243
6524
460
4235
4597
829
278
2837
1975
4358
6326
9410
2368
7003
255
4822
2170
2246
4855
4180
2821
5888
8185
5777
7253
5800
1617
8001
4957
7105
8662
3094
2906
9011
858
3669
4207
2347
2655
4945
3688
8658
3270
9772
2646
6579
3601
315
4990
9445
7198
1347
3747
5131
2178
2398
745
290
6959
2436
533
5891
1264
4839
8050
1138
9778
4642
1858
810
3322
8825
7495
5795
3371
7222
3825
8891
1544
336
4175
4836
9006
9320
5986
727
8294
3998
2567
4037
7069
2465
2053
2594
9345
7868
6215
2198
7794
8909
5256
3891
1470
5436
9371
2693
5046
67
4205
9736
3876
2560
636
1856
2254
521
5096
4247
542
4421
7925
6358
3312
8487
1795
7713
8386
2161
7135
6176
9689
41
7694
5215
5617
8395
9344
6171
2655
9564
108
8277
1009
3216
1568
6306
7906
1710
3090
7153
727
3319
2331
5467
1214
8120
5876
569
9652
802
3006
2250
6746
1318
9178
9955
4377
819
1013
4217
3847
2798
6769
2056
3799
5688
5125
7284
5315
3299
8879
1274
5631
4522
3511
9185
1889
226
4905
9707
4306
3596
7143
568
7080
6123
3784
7624
7432
1157
5998
9740
329
5017
5549
7633
7487
7162
1662
8437
6719
4836
7703
2116
6683
3524
9057
6313
4225
4125
3499
5923
4534
9547
1166
8349
5073
3679
2205
6898
789
9072
414
1712
4907
2335
6369
9713
5672
3668
3695
6432
2056
3780
5876
3527
5939
7700
942
8667
1454
8050
3953
4148
5264
8210
8557
896
1432
7953
2583
1734
2819
5079
2983
9677
4969
9760
4579
4097
2956
103
2842
9699
7608
441
1727
7249
1993
7039
2612
8550
567
1644
3371
2823
3146
2067
978
3858
395
6920
8060
3636
9804
1201
4955
643
4971
1469
1323
3576
2432
2503
3635
4348
217
4125
4741
4350
6749
2516
5893
4993
7328
8173
608
9681
9580
8877
6392
7169
1559
8099
2519
5674
3303
3766
5497
3230
2892
7703
462
6986
6543
2844
1575
3534
7089
1176
2591
4387
731
2862
5630
5571
3966
2945
7236
6560
270
8798
812
9391
6513
5516
9886
2338
3176
3926
7341
2365
6381
3280
8889
24
1946
4420
5241
7615
3086
203
6049
365
7191
2680
7184
2718
2232
6642
6223
3395
7962
1265
1011
124
3853
5302
4144
392
607
8732
3129
4077
6084
7387
70
501
5510
2044
6819
7769
4939
6246
7337
9822
4458
3093
9516
9592
4709
8159
410
6487
5401
1286
3018
2591
1638
7480
3740
3290
5454
3978
7022
3385
5072
2671
7217
363
4415
2474
8983
2111
2130
4466
3259
5372
6853
4333
2731
449
5399
7266
8917
9824
4164
2518
2870
5048
7981
2604
9926
3500
8481
2286
8205
4735
2758
9444
2199
2168
6070
8232
529
8617
3748
3692
6103
2961
445
960
7672
3904
3605
9595
6719
6225
8524
2604
6854
5858
7936
7058
3840
1164
8898
6658
5169
4357
9211
5224
7300
422
6672
9676
6716
8007
3985
1070
2785
4207
7981
8327
1077
3455
5955
9349
325
3710
4395
5184
8491
8622
7487
4468
332
5322
505
2430
7442
9198
5201
5955
4229
3422
3000
8703
6512
9256
9156
1957
8040
8178
6009
4726
2599
4388
98
8986
3281
1092
4241
2688
8640
1811
8689
230
8928
7839
7381
2318
1435
6156
7209
9952
7488
1482
8552
7181
7594
4104
7031
1106
7559
1687
5919
294
7270
7597
8674
4911
5962
2859
7235
9186
4531
8218
2630
1174
455
1931
4080
4332
5277
9880
7156
8449
9629
1396
2205
9047
4167
9638
7058
7743
7036
2432
7546
8915
9850
2933
1846
7676
6146
3055
6147
3319
7841
296
566
8585
574
1777
7201
4636
9127
2245
4662
8230
9661
8745
2721
1507
1879
3922
1503
720
5591
9643
8667
1425
8300
556
9802
9125
66
2795
3473
3653
6490
8191
1113
1982
9750
5577
1042
6433
1544
6444
8908
3469
5112
9660
7265
7560
2665
7756
3104
6229
9517
7956
5180
3460
133
5628
1169
6054
6274
3775
883
2811
9292
4720
1600
3346
202
6073
4374
6048
8678
108
9983
7643
9824
1858
8866
4667
5790
2519
473
4141
1959
357
698
7926
567
7580
9811
21
3495
2085
7414
8930
425
6843
9242
637
3256
4553
5576
6927
300
3463
325
6611
9552
4361
9093
7821
4972
4540
8956
3737
4309
5793
3642
2534
1721
9712
3725
2911
7896
2718
4716
3718
6361
5398
7695
1816
4321
6668
6056
7782
7116
1240
1233
788
2137
2385
4636
7268
9295
2070
2281
9572
6949
8348
3296
464
2749
1341
4536
8732
8261
8089
7116
3402
1933
339
2767
5781
5459
3618
7345
1585
6388
6289
7887
1899
4482
9873
9145
7840
9413
263
6207
50
6848
5744
8424
3325
6440
4682
47
8048
1544
7095
8362
7496
1702
4735
8182
9720
8685
1990
9078
5977
3831
7854
9404
9018
7701
2818
2997
7546
5756
996
2973
2223
3588
417
6724
972
2704
3980
8301
3805
8495
2283
4039
6727
8105
4238
2832
9131
5592
5380
2473
746
589
8089
9748
2442
8013
2747
6697
5720
9861
2309
7083
9176
3170
7796
7864
4272
3765
4095
9239
1272
6282
6679
4257
7047
1168
1125
40
6525
4746
6752
570
829
5751
1403
9345
2130
32
9945
5449
2890
1095
4036
566
3965
7469
4036
5928
5343
7229
1211
6603
8990
6304
2809
4843
9486
2870
4245
825
859
1739
562
1663
8187
9028
2532
2341
2345
7885
2862
1785
1352
1169
1533
354
2365
2920
1939
1830
5206
3178
226
396
9576
384
4093
9226
5529
5108
3252
2913
2110
6794
2498
1686
5243
3762
8511
3878
864
6653
4298
7962
1599
6271
5532
6715
5157
7226
2918
3704
9347
8163
2703
394
6796
5523
8056
2601
6327
8492
2560
1939
3596
4477
7384
8966
7369
5597
9593
8443
7139
5182
2000
790
9739
5167
271
7748
8962
8483
2097
7860
7412
8456
9034
5292
4895
1345
1747
1955
8530
6311
2107
5289
2013
8950
8057
5536
6852
857
4406
6939
10000
879
3874
1462
4373
3378
1426
2814
8342
7711
2909
7469
1659
4491
7203
9962
6728
2856
5933
8582
4055
439
4766
706
3991
4244
3111
6679
786
688
7181
716
1123
3479
7032
7478
9103
1151
4829
4987
6835
4770
9131
1440
3754
6799
2341
6277
6025
8357
8563
6965
4057
1162
2954
9499
1442
9028
6972
9883
7991
1408
6802
1240
2936
9134
4963
9241
1808
561
4763
8692
6781
1275
3630
5328
383
5555
2902
9965
8232
4610
4026
3589
6587
6613
338
1550
1546
6226
5419
587
7995
6998
8130
717
2446
2214
2947
3525
1263
3820
5558
9066
1485
6646
509
3541
396
8619
3835
4729
3497
1857
2911
6784
673
3488
2756
7310
5051
4998
4473
458
9606
2362
5698
2225
1901
2466
3919
9991
3093
2175
2034
9351
4237
3864
7639
8212
8132
5310
5256
6896
4502
2268
3804
7619
3021
4795
7757
974
2634
9725
2906
5052
424
3240
5216
5651
5476
9525
9358
3278
7392
4973
2350
4651
4882
6082
6447
6076
2798
3179
5423
2920
4128
5175
8889
2224
6645
4825
8626
3405
1320
4398
4627
1921
5293
8228
3676
4197
3060
7432
7313
9266
6346
4497
2795
485
3026
6013
930
8054
3804
9329
9676
2546
8145
7700
2636
1559
744
5620
7715
3701
3719
1519
611
4366
3719
96
2810
5399
7134
2466
1372
8822
8814
5146
8481
3205
8937
2431
7740
2455
9982
4289
4955
6199
8276
4158
8423
6892
3752
9130
7247
409
5093
8065
3382
8448
9712
9330
4124
4517
917
9586
4700
661
9376
979
1246
1399
7744
5961
9374
4206
2181
9873
8733
870
7773
8953
5534
2392
9931
7182
7796
1590
5395
3540
9493
3089
5137
8715
2633
5972
568
680
2375
4858
59
8722
4310
6547
4645
8058
5741
6603
1525
2337
9291
9763
6012
1887
3324
6347
831
5715
906
4453
3666
5066
5707
503
1762
1528
2599
3470
2360
6939
1846
5667
4020
7447
6767
7724
6671
8874
5048
7996
7505
8690
7918
2996
8014
5291
1844
6470
2101
4635
4487
9647
2852
9265
4993
9832
1589
6019
470
4315
9532
4325
2958
5719
7636
8921
5963
6570
8339
6240
4204
3578
3367
6183
1813
5104
9399
8549
1594
1260
6610
4813
9078
5025
1374
9809
5362
4673
6930
4255
4671
3958
5326
7242
5534
7280
1401
4797
3220
4641
370
9725
2093
3157
4300
27
7483
3925
6629
3172
2607
9422
1661
8317
5345
8291
6051
5576
1865
3576
5015
777
982
7279
9253
6370
8387
5100
1562
7618
5015
4754
8683
2187
206
4686
697
5410
3223
2707
4710
2904
7847
1298
1263
380
727
9063
4504
8886
6355
8269
3509
6725
3527
8573
8018
4543
2893
5468
522
6730
6279
3903
2281
8447
86
3409
1935
4379
5333
3645
9193
5921
3414
412
7623
6233
9784
1000
8841
5704
8039
857
9807
7589
6802
2597
2447
8754
4991
5364
9467
4317
8087
2915
2072
3611
8673
8687
9667
8284
1041
7192
5699
8875
6926
1249
1635
1885
5246
2070
927
5926
4312
5413
2077
7066
225
2243
3351
5226
3418
936
9916
5315
7611
5832
5000
7591
758
9250
4473
432
1833
8247
398
7692
1623
1668
6064
9671
5311
3541
9882
191
4340
3620
9183
8913
6506
5540
9226
986
5101
6313
1639
3925
8009
9866
7914
2837
5530
5808
4893
7139
7866
2258
9163
800
9526
4461
2669
5714
7791
9248
4229
175
7995
7861
1098
7868
9823
3503
4934
8322
5552
7418
3118
4307
3518
9624
1305
6290
2970
9739
6948
567
6375
5598
9263
7040
7947
9773
8504
1390
4069
2092
126
443
7654
5962
5631
8922
2035
6803
1162
4114
3029
6163
5195
63
2106
6301
7283
4298
5396
6612
9698
1364
5952
1629
4040
5995
5329
7927
4210
1952
7708
4013
9381
4014
9159
1607
3332
7472
6966
9650
6834
2107
8128
7467
9426
9188
5133
2952
3244
2369
8124
4526
6424
7832
6267
2282
8209
2373
6042
4992
1214
7156
2840
8440
132
1030
5573
7323
168
603
3311
6741
2863
4883
6537
4180
6769
7459
4903
4430
3557
7038
8122
3024
1083
4355
6491
757
4671
3646
3417
4041
695
4547
7481
4039
7858
9911
9750
8201
6269
2356
9479
735
6731
2271
9309
4903
6727
3590
6397
2398
6846
3423
4251
6498
8968
297
8374
4256
572
8906
9549
7537
3543
7702
593
1451
5744
5059
8003
521
220
728
1057
5760
1
5636
8830
2876
5486
1613
9222
1910
9776
8918
6769
1927
6796
1152
5873
5178
5204
4520
9897
8717
7125
760
2292
6747
4200
5451
2523
7606
1024
1341
7643
4442
6571
6942
8021
7427
4385
5470
6675
3612
8799
4782
3965
1124
7235
3879
2852
1434
2515
5785
9578
6304
1536
5598
6888
4390
4493
5030
4319
8471
9580
6462
1485
9401
5892
9037
3577
5418
5766
8513
8250
214
6855
360
4736
4819
5151
5756
8700
2547
7578
1553
511
1060
2361
562
8177
6548
9763
361
1326
8821
493
2074
9434
2234
1281
3270
9289
892
2509
7717
7084
5327
1949
4851
7422
7570
8143
838
2347
3338
2807
5485
464
8901
7577
2918
8653
252
1544
1069
5380
2350
906
1848
8113
9025
7343
144
7568
9708
9646
8967
7312
7154
117
9035
1256
2657
8759
6985
3663
1282
7091
2339
9659
7347
929
6822
3602
1018
6081
1122
9753
2212
6148
6386
7861
4160
9740
6648
27
5643
2487
7831
3997
4290
2268
6802
5674
2651
1339
474
8097
3809
268
3918
8371
3506
5934
8424
4089
5459
9985
2175
3247
2941
5970
6479
195
340
8949
7285
8659
7083
8981
7056
6222
4541
9555
9695
2044
301
6237
6821
861
7631
261
2466
8608
4191
6837
7667
7717
9846
9800
8937
6875
3340
3950
331
7458
5442
3491
7563
2129
1592
5131
2629
3654
9938
7595
5675
8552
5743
6652
2647
7873
508
6534
7816
7432
8662
2621
1480
3568
9881
3680
2933
5207
2016
6274
3995
2433
6604
9540
1866
365
7830
1705
4031
8529
5125
141
1043
8625
6748
4719
1175
8899
6101
6857
941
313
7308
9218
9681
7565
1938
3098
2187
4420
2236
3239
5667
1663
4823
5197
4825
7998
8161
3324
4286
476
3591
3966
6189
8009
9556
4704
8917
3856
9069
4560
145
1561
6122
1644
5980
7999
5216
6827
6533
8107
7242
3323
6842
2002
2843
2612
3687
7927
2581
2464
8249
8718
190
2659
5052
2918
3323
7199
2108
9990
3611