4377
8654
3236
2965
8414
7932
6121
1939
4220
7177
6323
8122
4216
2257
4398
1114
5687
4636
8789
9254
2597
9264
4993
6580
7581
9154
8501
8064
5663
5720
5696
4161
8611
9297
9773
7096
9467
5195
7842
7465
8059
7033
7032
4362
4096
7841
7486
6936
498
4135
9436
8097
2713
5907
6919
1436
4340
3803
90
5330
3846
8606
9068
6185
7804
8302
6525
4135
5970
9815
1379
3887
2808
3835
2904
6966
5532
6704
5673
9504
6922
2296
9732
5560
1712
785
4796
5459
9745
9960
3217
3902
2426
5894
2282
5279
5972
8400
3239
2797
5978
6553
1326
3211
2917
6411
6111
2162
2474
2696
1122
5142
81
1087
6608
1909
8695
7193
8925
8565
5396
8867
3271
3634
192
9040
1767
4280
6485
1845
6917
4731
550
2909
6509
4530
7684
9492
1194
8889
5703
5577
7046
3158
3154
9932
258
1435
9112
917
2255
479
2141
6597
3507
5638
8368
2107
6322
6012
7349
3342
7844
7365
1456
937
8581
6481
5945
1748
381
5164
3607
668
969
6562
5177
5400
4471
9980
9919
1322
4421
6837
7551
1944
165
7157
3988
2571
2339
6630
7206
9290
9201
9083
5347
5425
773
8436
9316
7921
3706
1857
4928
3611
4152
3169
9463
9723
9336
4713
4366
1168
377
420
536
492
3175
8535
5208
7807
9236
8406
6297
5658
2568
7543
9338
2769
8126
3730
4574
1594
1086
1638
8990
4802
7216
5924
1950
8728
8465
5198
5953
5761
1956
7793
2077
5096
3909
7554
5314
709
8029
635
4498
8169
6393
8214
3739
7653
4866
7861
1997
9593
3153
4079
4433
7
5157
7752
1178
4094
4500
8906
7498
1097
9488
7081
7252
3875
549
9714
3369
234
515
465
6281
6435
1907
2041
1386
4006
8568
8782
7176
4270
3413
3502
4710
9138
9266
2230
8732
8783
4709
5330
5723
13
6800
1142
7491
6849
9603
5922
5943
6293
7117
486
6226
4159
3679
208
3745
4802
1977
1195
2694
1851
2290
1746
8552
8297
4358
7290
9087
646
2374
5852
4407
3399
474
215
6813
8860
2338
5164
9455
1447
579
3375
148
6079
1362
7982
1518
9920
2672
5243
9354
5500
3319
8201
6494
6922
9104
4029
580
7380
9085
7457
5336
6975
6463
5938
5989
683
1405
2278
8866
1363
5007
1227
3592
9298
2245
404
4027
1256
7128
9211
9382
9018
8477
113
1503
5680
9694
127
3572
3410
1284
3202
437
5509
5365
351
7560
8205
6446
1625
1102
9303
2361
3893
1811
6434
6523
5505
3145
7837
1091
1790
1633
275
1894
1870
161
8978
198
398
2404
5564
1940
2043
743
8765
7225
9496
7363
7170
1673
1312
7328
2772
7265
341
4308
7807
9384
8548
9275
8708
4545
9106
416
7513
5473
9865
6156
7889
2713
3643
6445
6296
4284
938
1123
6509
8648
3060
8732
4615
1219
9423
6064
6832
6399
8226
8968
2738
3824
548
7599
7808
6997
3959
259
2374
1738
128
5278
7095
8809
1732
6642
2024
3216
1782
6995
2890
4296
6897
2083
1005
4048
7879
6337
5958
4231
2577
8591
2777
1103
2720
9455
3248
864
8033
8773
2119
8455
2480
1394
9936
6228
2880
6544
9963
6044
899
823
3245
5717
3693
8800
4000
7735
3363
5601
8144
2845
3057
73
2849
6445
9720
1616
8304
8523
3635
7685
9312
9829
4443
2265
6323
1855
4991
2112
6773
2940
6988
7625
5077
5107
6597
2665
6964
883
3699
1104
6482
5021
6386
1263
1119
4213
5750
9938
398
6754
9024
6776
6113
1113
8888
3674
2152
8695
7779
1284
4307
7872
1488
2087
7358
5542
4938
5012
4932
6708
3141
7753
5006
4348
1002
8127
9187
3181
3628
156
4815
2359
424
7619
8962
2402
5341
9600
1157
2905
5580
1863
9611
8894
3165
5490
2997
5367
828
528
8693
2786
4802
4338
7882
8666
9638
1868
6886
6565
2381
4850
6044
4376
230
3661
3027
9320
9537
7388
1838
8251
4297
9011
3390
4070
1001
732
499
8824
9275
1051
1864
8207
7845
3914
3555
6534
8030
5348
7845
3376
4917
5148
2640
4185
1492
5710
6161
7207
1409
3364
1636
6757
5080
3237
3824
2143
8652
1304
7798
4240
3222
4589
3656
3881
8970
388
3888
6907
5667
6852
5476
6771
8164
1454
6017
1980
3829
3907
2821
1705
2388
3613
9736
3468
3289
569
4168
3819
8810
2099
243
5984
8555
3456
1519
237
9319
8851
1715
1444
7761
5685
735
1337
7769
8558
5884
9025
1568
9868
2090
213
1829
3732
1888
2180
6063
6786
3345
1677
36
3034
4393
7028
5636
1553
559
4679
9865
7461
6299
7756
8992
351
1598
3928
183
4267
4817
6262
8072
4557
450
5008
925
9060
4966
1008
7775
7535
3582
8701
7156
7636
7800
1964
1371
2784
6743
2461
3386
5279
1036
4564
5869
5759
5964
2106
7679
1174
329
4430
1413
2969
7890
9311
5465
5538
7860
9242
7744
4116
8857
7943
1456
296
5127
3328
7962
8500
5199
3320
3816
2008
2848
4760
8108
261
4536
9767
1260
3374
9471
6655
3215
8677
9682
3204
2978
2656
847
856
9814
7302
5095
5980
3927
662
5502
7107
9248
7607
3404
1729
6077
1853
7121
6501
2574
7940
7037
6353
8055
1946
5702
5663
2644
9263
345
2375
1711
4098
241
3079
917
4488
8352
882
3240
5750
5101
5049
7270
5110
9281
8647
7672
1087
5874
5219
279
7404
5013
5035
5007
4801
9120
583
5401
1267
9478
8372
9504
2595
8367
688
4433
7640
125
6485
4822
720
929
5643
3848
5898
9577
8981
7478
4949
449
5514
2046
5732
7402
8574
3057
7884
1013
8266
6163
4109
8459
3744
6537
1262
6646
7057
3414
9575
4595
2966
8052
564
6063
1873
499
5135
2958
4923
5490
2517
5241
7410
6230
1081
7760
3206
3234
3178
5880
6122
1053
2946
9699
8155
8735
4029
5583
2996
7389
1464
1821
7154
6190
2101
1326
665
2151
6591
8810
3609
5574
4801
5636
6247
4373
621
9026
4467
213
8031
8974
5084
5786