3991
3649
1238
8361
3108
8869
456
3925
843
4956
2398
8933
3369
3258
5726
240
3108
3369
4779
8072
8655
9952
1268
4891
4668
7797
7421
1941
542
311
6639
2106
3552
6970
6449
4270
975
737
4124
6685
1931
4840
716
9053
5218
99
9933
3008
3972
8318
9447
6179
5337
403
5173
3438
5818
719
2150
385
878
1826
6234
3876
2855
351
7783
1044
9000
2515
8805
3079
2055
3809
1100
9183
17
1125
5530
7139
1723
7981
497
9341
2332
3499
9132
5478
9444
8360
5085
7152
1202
8434
6255
158
5058
4159
8194
4240
5259
1316
5299
9246
6478
7697
7644
1741
367
450
5330
2548
3704
774
3784
2687
6063
846
662
9943
8834
5522
5980
6284
5260
9744
8076
95
1020
6614
5739
7576
7537
8895
3790
230
3122
2663
3590
2460
4287
9275
3179
7594
9974
4345
184
9703
277
3270
9624
9024
1219
4792
2905
3543
2451
3075
463
1617
1847
1168
6057
1463
8806
3620
1804
6449
2036
4790
726
910
6299
2195
1499
6668
2956
8806
2287
5115
9416
9446
2521
9799
9829
3386
9149
6736
656
2763
9815
5402
5261
422
9933
9382
5403
5740
228
441
9168
4510
6926
3154
4671
9887
8029
988
9344
2577
5097
4763
554
9343
8011
9494
6029
4197
4240
4901
2717
9346
2767
9410
7291
940
31
9290
9789
9070
7032
8409
4480
7290
2126
5600
2072
4036
5047
1414
4673
531
4422
5268
6080
9474
2951
5776
4274
3580
644
1360
9311
5455
8350
2370
4179
6448
475
7267
5477
9040
1097
6322
4
4728
4560
2491
6867
4547
2770
6958
760
528
40
8861
8417
3467
530
3606
8099
3467
1202
4176
8054
6787
5551
5911
7660
5734
7741
9047
1724
8454
5945
4595
6432
2425
1579
9163
7825
6531
6224
4018
6356
436
433
9008
229
1285
9094
1466
742
3554
607
6699
8318
225
6192
1874
1939
4593
4381
6943
6761
6577
2678
2631
8728
9860
6483
2901
3789
2621
8372
732
8391
6396
5010
7941
4820
2400
6466
6434
7928
1161
2972
5606
9956
2220
2024
4714
6456
7460
8524
8340
1304
1396
9305
7012
5128
4769
3360
7892
5978
4247
3507
6871
3867
5185
5721
9019
7869
5102
5130
1914
8546
7113
72
32
9737
8874
4606
2393
7992
90
924
8674
7524
4988
3762
1940
1923
6037
6108
4021
3206
6563
3132
2845
6126
7563
2204
7105
4892
1798
7020
9803
1184
8600
8562
2035
8492
1773
560
270
8114
6768
2952
8075
1219
7499
4756
5711
6628
3390
4056
5274
7904
9878
4873
232
3986
9525
333
5241
7270
9681
4658
2955
5179
9833
7464
4939
798
1079
7119
9392
438
307
5606
5802
5418
3798
4587
7133
6733
2672
4737
2472
1896
2123
9658
8628
290
1737
8075
9033
9487
68
8013
9528
563
515
7215
1937
9789
3110
8875
5555
4057
551
5679
6489
8406
7561
9266
4600
323
2223
2929
5724
4540
2469
6166
9209
4700
4163
1216
1960
8790
2325
2025
8715
4888
7912
4424
7587
8485
2625
6610
4108
9376
7503
8192
4029
3882
5361
3842
2528
8946
9605
9679
6833
5421
9691
4886
5798
8558
152
3043
2431
3045
9081
8729
6943
3363
4578
5095
4881
8953
4796
1224
9582
4462
3852
9584
5192
5473
6458
1382
5179
7194
4812
1863
4044
2622
9154
8296
8658
4855
8893
6853
4165
4318
2032
7760
5544
6318
9275
3488
4034
3327
7313
6783
5310
7669
3689
9882
533
9748
7551
7620
4186
9370
1619
6831
2568
3754
8277
5502
6152
199
8252
3133
1879
1847
6511
7005
9250
2302
7284
4452
8849
5656
8385
8824
9245
7296
2745
4931
9911
9401
2985
1851
3283
7604
9151
8710
3452
6465
4969
3031
2921
3941
1205
3716
2475
9115
725
5235
9067
5906
9249
8185
1169
8520
2549
59
6868
3486
7031
7147
6081
8149
1604
5543
6703
9467
1868
274
9215
8185
1947
8636
3916
4006
2148
2547
8207
9840
1841
6911
9542
179
4495
159
8929
3496
451
6285
1519
3165
855
1140
4725
432
3894
7381
1735
6426
45
9605
1170
7564
2361
2392
1312
2957
2426
9833
7488
5526
2038
8135
9193
6629
7388
1248
6353
3625
2582
437
1486
838
7172
6463
9928
1453
692
4247
6977
9052
6825
4921
5954
641
8214
9669
3394
8428
1645
8982
3830
5344
1074
7376
963
2700
6560
314
5760
7496
3419
4562
9184
2518
8066
3320
648
6546
281
7579
4993
1523
5579
2038
9765
3196
8535
7164
6130
852
4112
1591
9599
4986
9722
7028
2686
2728
9626
7971
4336
7312
7394
5843
4328
3889
7807
4170
1133
855
4374
4589
41
1789
2995
706
1289
838
3559
846
755
9495
4708
9971
5234
645
6827
3961
4096
266
3636
2727
3855
3592
3151
91
5515
458
5559
9463
3586
2047
6605
3271
7250
3996
2663
4632
6798
6742
3712
3188
6605
3149
8090
198
439
5519
628
9030
9932
6307
2386
4432
1783
4008
4364
4027
3358
2691
4076
8127
5627
915
5863
516
4058
9411
1386
4877
602
7449
4406
7200
6336
4891
8087
869
2863
3112
8926
1238
7656
5008
6102
5560
7312
2612
8892
7615
9965
5805
113
4868
8122
4038
6280
7643
6331
8144
6275
1556
8191
2155
3831
3939
2386
4847
3570
8463
7182
537
8598
5533
900
8329
9874
7528
2354
1392
4373
5621
7550
8107
150
4238
5947
2599
5741
2516
6130
9205
5149
1235
902
3739
4811
7932
4765
1351
4942
2901
6815
2828
5426
7778
193
1925
9379
2457
4001
8433
7800
6676
5807
1625
804
3751
9229
1692
7101
9826
1210
1373
5676
8089
1938
9447
6513
8870
4055
1935
4802
7704
5851
2534
415
6414
6979
2691
5109
1807
2848
7066
6849
9015
8389
1098
9476
5069
4280
6595
9775
8380
764
2801
7227
5304
9113
4827
2042
6254
4219
8705
6712
9496
29
6891
1983
6238
4755
9848
8956
413
6219
8529
5136
2081
5977
9313
109
1595
415
868
3110
9199
7741