926
3180
3402
2521
1943
1337
6541
4878
4835
5551
7688
7602
8340
8109
1335
2573
1708
8225
7550
5434
9128
6848
203
3096
8494
8836
7606
4697
4585
5994
964
3442
58
2438
8952
5228
4183
5613
7274
9251
4523
2370
3894
6031
9853
522
1168
9810
7102
4604
7738
7850
3654
8245
5400
592
89
8832
6382
8981
5916
6426
8814
8949
7454
6050
3360
678
8275
968
3211
942
3164
2453
9876
8916
9307
9090
2713
5169
2908
7463
7768
4178
8559
3013
3407
5641
5582
3681
9593
9115
5282
3882
3529
5026
6488
5629
9284
5874
5580
2944
1943
5230
2609
2166
242
5109
6855
9126
8031
8175
7133
9770
1675
658
4109
4815
8991
4868
9744
1889
5972
6808
7998
4175
7406
5630
537
8891
2936
1171
8906
7375
29
938
5194
972
6875
8010
2823
6050
7514
7041
5383
364
2497
5864
7341
3125
7353
636
7845
6412
3947
1332
1332
945
1765
9188
8610
4724
5428
8943
9252
3921
1967
4920
8628
1211
7144
338
9300
3192
8600
9709
6738
5670
2895
4993
1964
7603
3993
656
3314
4962
7111
546
8810
5087
5452
4527
9747
563
5293
9992
169
3934
7333
1795
112
503
9018
5807
6415
846
1877
5174
828
1076
5368
1281
2221
190
1419
1683
1503
3421
8876
686
4480
3052
630
3997
4116
8153
6240
9203
4133
8089
4824
3460
118
5038
9335
4356
3806
2923
2208
284
6422
7942
1139
6923
4214
8751
9728
6932
7207
9871
2531
3280
827
1426
5988
8958
4100
8484
7348
3326
6512
7308
9495
8627
1422
7320
6867
1460
8998
9165
1216
57
3660
2207
7452
9934
827
46
9733
5281
9713
5237
841
6949
197
5591
3823
2848
1205
224
998
5492
148
9015
7206
4333
5060
3861
9321
2006
2587
5062
1773
9591
9911
9016
747
8439
88
1306
9321
1329
3587
7699
8522
7627
5471
7007
4146
7491
910
9353
7910
3130
153
560
5656
6815
9122
6112
4798
2988
4023
4104
6624
8915
3144
7135
3118
5215
7030
9618
1956
2974
4070
3883
9211
9282
7583
4992
246
7499
9675
5174
9077
2174
6712
8061
7847
8430
3295
1052
1509
8688
3110
3928
9142
5021
1960
1285
8329
3997
9147
527
3286
3288
9045
1288
3048
9109
1094
4581
601
4070
6300
5529
8414
4917
5796
4814
1568
9232
4383
1348
9075
4953
3927
1095
3380
9409
825
5904
9423
848
3649
3027
1487
1969
2695
593
5529
6929
6617
3364
7255
1573
9335
7940
123
9979
3785
4431
8369
1839
8034
691
5480
8125
6631
3740
4780
7211
3065
7361
2476
7435
7097
7959
2865
3386
7598
8338
6348
9431
87
1557
666
8436
9144
6573
6567
5478
3269
7971
3950
390
3731
7690
1185
3325
3054
6077
660
2019
1165
8083
7865
9204
8138
8797
9025
8510
8473
6983
7887
1084
8802
4182
3416
8906
5593
9053
8133
4986
9146
6432
535
8106
1050
6111
7515
5272
294
1059
8367
4449
2721
5231
4433
170
4965
8844
9827
8953
6993
1585
6522
9325
3167
3216
3819
2863
1733
8623
5168
5217
7043
5834
7685
5223
5453
2417
7233
289
6031
9837
8744
596
3253
3205
9922
8775
6480
6774
78
18
2417
4937
1539
3543
2861
491
3998
6295
7291
8607
3581
1241
9797
9567
1806
2704
8264
7988
6824
7026
5747
2824
5018
9846
7757
107
3219
2404
111
7576
2441
3538
375
6386
7309
6736
2639
9849
9012
4057
2344
5315
7302
2570
995
4761
2541
7457
2195
7791
1189
1619
8315
8404
7855
6785
9173
3322
9875
2487
6256
8811
1561
5800
3710
7372
3264
3460
6830
4791
5163
5546
738
1125
5282
48
9523
1770
7089
559
3831
9116
3760
9923
1030
4141
5546
2535
9438
7352
7893
1034
9187
4345
5101
5337
3366
7266
2849
223
3739
8368
7676
2954
1478
3803
4887
854
8224
7075
9155
3176
8560
2892
9610
8482
4087
5507
2778
7065
428
3599
1389
9620
6643
9165
9901
7126
6377
2582
2846
8640
1187
6288
4016
5271
9613
1598
4621
6063
5528
6149
5255
1077
6988
2134
2601
3569
2115
1380
6158
939
9651
3937
9668
8292
5060
9205
3818
9195
7961
2691
7836
8302
1630
6807
9686
5716
6632
1132
1808
6780
7971
7063
6310
6087
4450
7872
7150
2871
4479
8733
4428
8514
4001
971
6028
9039
2201
1950
2560
2469
4017
1977
3144
4389
7519
8442
3442
8193
4740
8361
5271
231
5586
4573
3422
8534
9412
8208
4552
7864
8576
8256
5512
6503
6506
9461
3975
3920
6336
1498
1987
8802
1515
245
1340
3924
1369
3052
6820
8467
6927
4297
1083
1518
7630
7243
3848
575
2197
9002
6156
7700
7319
5952
694
5133
2474
5688
5286
6477
7670
3123
206
9319
3802
761
5294
5654
4936
3349
56
8034
6536
3812
2270
7390
3696
3396
6902
2475
1702
8201
1115
5069
1580
2613
7862
9831
2879
1037
8059
625
2867
6307
3321
6643
9244
4511
5003
8189
7348
9521
3869
4500
3601
882
6730
5405
1068
3636
2897
546
4478
6139
4757
1965
1617
6862
914
4158
1585
9574
5616
9151
6819
9190
9778
1937
3364
6676
1972
7344
3233
3903
8532
7516
3697
7826
1738
6353
3370
7862
2911
8239
5888
2625
8582
8732
3139
3112
2734
8717
4166
4242
1588
9853
8266
6648
8991
8337
939
6227
153
8098
2223
419
9560
293
6564
2466
6578
3881
207
5076
4123
8551
6278
7325
2341
7807
6219
9451
9142
3171
4960
247
5447
6455
4302
3225
6113
8269
8108
355
6460
4025
471
4733
1061
4723
783
6837
76
2719
8377
2020
4252
4171
5881
220
2690
6649
4205
9981
1244
8695
7142
7215
7614
3337
2584
1597
1066
5586
9985
4385
9713
9042
4845
7188
2977
6737
7794
1078
7636
9342
9053
255
5082
9890
49
9718
1151
6588
8976
96
9175
2698
5025
6592
2712
2451
492
5360
419
1408
6498
7416
8618
8148
7023
3584
202
1831
6405
926
906
2088
3764
3274
5220
9565