7330
4791
887
784
4642
7484
2218
539
7331
3223
4748
339
4603
8616
6816
4509
490
2121
2381
6284
2650
3930
1084
3813
7054
8135
682
2597
1855
2546
9210
1773
8887
9465
2085
204
6271
458
5382
2170
8991
7134
9496
6226
527
7347
2023
471
1353
3640
5115
345
3076
4958
64
7733
6609
3407
6950
2018
2678
2861
9345
440
9286
6224
8346
4090
4863
1263
3295
2675
7213
7678
3102
510
6105
4932
8071
2512
9701
7702
3190
3170
3436
8643
8100
1779
1432
63
3249
526
73
8256
277
8182
9998
8187
9172
3360
6769
9642
2644
491
2116
7313
8192
6499
7926
7934
960
7351
1404
5788
2195
3912
9291
3273
6232
9050
5006
7293
202
8145
5497
6305
2839
1083
9319
6266
3353
3489
4091
1424
2403
6657
8239
7727
3173
9194
9626
5406
431
6807
137
2965
6328
7550
4681
5737
5937
3165
1700
3034
554
591
8332
6599
5417
5637
5094
2587
4321
7076
5093
3602
2533
2034
2602
2965
6041
6989
7396
2611
3006
1026
2345
447
8647
5354
1940
5532
4961
1250
1011
6153
9286
594
9596
3368
3960
9000
6629
6483
3291
7759
6827
1864
1175
2929
9077
2462
4973
6673
7612
9646
6602
5085
9910
4292
1966
4933
7029
8732
2313
4196
9674
8067
9773
1104
3474
6081
187
9611
266
7184
1189
9800
8667
4588
3885
9028
4265
2079
8114
7612
8474
9950
6210
789
4989
5273
9046
4722
9162
2649
7105
2095
3199
6773
5694
8361
1680
4616
2097
1522
9532
5059
5508
2531
3482
9435
8789
2648
4927
8205
300
2387
4574
1411
5038
5863
5607
8530
9708
3754
153
2310
3007
5210
4586
3116
754
8531
3114
6810
1230
2829
3700
6491
6471
3150
3866
1158
2206
6333
7614
3546
2159
3493
3774
4851
281
6353
7448
8856
3607
636
3133
2312
4910
3374
8908
1888
1331
8640
556
557
5571
8547
8742
5183
1555
811
9331
569
3009
971
593
7956
5097
5646
3583
506
5373
9676
5663
1410
2469
6467
8077
9720
2338
5935
1927
5586
605
7995
9546
9180
8726
2199
9287
1810
556
5779
9427
9483
6818
3742
2594
8917
2919
4719
1962
460
50
2392
2640
1026
6960
6936
4160
6435
8072
6853
3111
1556
113
4229
2158
8697
3129
219
2226
6090
2066
9888
939
9429
4661
32
3106
6889
8030
5457
8857
3177
7324
1714
202
201
7883
9200
5283
9529
725
8706
4179
7810
1225
8170
3786
2505
8586
3957
9271
7725
7102
724
4147
2199
4997
4447
4349
8041
4691
4585
5132
6967
8645
3407
6371
2842
3318
1269
7160
5814
564
1040
1392
4886
5296
9159
9164
921
1072
152
5653
1989
5033
2925
7114
8614
9889
558
8498
8150
9039
9586
8736
5791
3760
562
2378
8720
7367
1013
6919
8800
4211
4126
5419
9693
8977
9527
3203
4902
3133
7381
4042
9358
8328
3759
7990
2311
1307
2050
3101
6544
4718
8149
2430
4657
4515
6645
7879
2128
4844
486
7060
5724
3213
720
4309
1732
3576
1565
4293
8683
3552
3483
2322
5605
7984
5761
2584
6495
1669
6514
8305
3056
8852
3340
281
2149
4014
4565
3113
6931
3520
8015
1202
2183
6550
5767
8090
7173
8469
9750
4410
2096
6915
731
8760
3990
2493
8991
1514
4288
3402
5060
9391
102
4998
7689
8251
1925
8422
8170
7589
2117
3316
3496
1058
3656
8396
4526
4291
8223
9249
8349
8274
5596
327
730
2498
5306
4522
2547
432
2374
1547
9124
8025
1930
8397
5194
899
1905
6173
1282
7261
6904
4125
3077
2807
8830
6915
9128
2270
1666
4634
8431
1254
1872
7894
8217
1490
9232
6856
1557
171
8110
3219
4171
6208
6899
2448
7397
6349
2092
111
8114
6542
526
5303
820
2426
1990
1548
3261
9410
3409
3646
257
3925
8790
2645
7758
9611
10000
1989
8582
186
3829
4676
7229
8757
6030
6605
5060
7045
5740
1786
3085
9748
2714
4072
259
5262
9316
8082
6137
7462
2439
6903
2466
7297
2136
2298
8702
4452
8190
3194
4821
1836
5036
5631
7268
2556
833
1463
1419
5728
9274
7103
7098
4592
2839
469
8835
7214
3706
3837
6050
7414
42
2512
9411
1267
2245
4367
1881
9444
7280
2359
1919
961
4259
2745
3104
1521
3524
3568
2948
1123
4770
8569
7991
2093
7787
186
7321
5136
1388
2931
9807
590
7653
52
9798
8385
6126
5868
7184
4474
3281
849
2137
5854
8055
639
1997
1270
6148
4535
3876
3126
262
4654
6419
3640
9361
7604
2488
5803
5626
2822
9641
8779
2636
1575
7492
4358
3757
8750
5539
6723
7146
333
2113
5473
4640
3659
5879
5625
9832
1785
3369
5981
8465
2200
7851
9865
8144
3482
5680
467
8753
6884
3856
806
329
5951
3511
4833
2509
6596
6161
8968
2031
5185
377
571
9785
5176
9780
5845
7552
5037
1587
342
5739
5568
6258
5578
6061
8601
3028
1700
4152
461
8401
2582
8910
6650
5679
6590
540
2772
7929
1095
3838
8029
7565
4004
8628
684
7175
5612
3822
4240
4464
2347
2514
3893
2995
8767
4651
8068
603
4902
3790
6824
2866
7198
2107
8849
3898
772
5044
948
5793
91
3279
5645
2834
6470
9040
516
7303
802
8237
9111
1805
1095
6921
4664
4144
1600
231
4491
9276
2783
1083
1940
6571
6788
1334
8506
7701
8074
3376
5025
1959
5404
3870
8623
2864
4557
973
6724
7779
558
4945
1517
979
1630
3301
4060
567
2283
5512
2693
1120
6907
9943
2398
8394
4806
1224
577
942
8739
9905
2611
9917
5937
5107
3084
8079
1616
266
8875
2901
4271
6456
954
4463
2141
6237
9233
7378
9116
6963
8259
2384
3882
6454
6079
3868
9391
7692
8300
3580
727
7450
2959
1320
479
2845
5854
2613
2872
2581
8928
4095
6913
8208
2532
915
8219
5106
3330
8940
3907
5771
4699
2702
1285
9951
8236
7520
8072
69
6828
9031
6910
4015
5699
224
4855
6930
5050
5348
7329
7265
9383
505
5749
4750
3630
3502
8302
3901
5785
5812
9349
8467
9325
1365
9541
4389
8381
3618
1351
5433
1657
8009
4616
3827
2600
2680
343
492
7363
7227
3298
7218
2211
903
4328
7762
1524
1342
2006
5154
8524
7345
2214
970
5213
9844
3823
7656
4793
7446
3267
8179
1962
5064
4602
2263
1765
6385
8409
5416
2951
2979
5989
9482
8751
4519
3454
9820
4518
8287
2219
8995
1906
3369
8117
7348
4475
4691
3828
6774
7623
1975
5288
7156
8069
9256
4311
7210
4797
3131
1697
2962
5899
6710
3545
7407
6372
5192
5242
2927
9303
4568
8869
1798
3826
1310
4337
1621
4134
8823
6319
9648
5517
8855
2099
211
8461
2648
169
7109
8086
1649
6832
4130
9060
9784
2584
7998
9322
2472
2987
3253
476
8994
409
7418
5501
8861
9215
6144
4343
9249
9972
6577
9071
2456
6149
964
3036
6338
3339
5810
9212
7468
9699
3388
9527
6847
4271
9687
7858
2521
5835
9617
4320
2995
1741
5546
6789
6503
9079
7280
4063
6784
7686
6546
152
6164
6617
7741
5269
16
6912
6437
8201
3808
7542
3716
5123
4447
9961
5849
9716
8083
5946
735
1433
2225
2171
9752
3916
7750
1371
2875
6197
6506
4412
2030
2533
4302
6611
9092
1170
7934
9337
9511
1672
347
6842
9453
5017
8379
5450
7614
2189
9717
4219
6722
5544
6976
8045
9081
8025
217
7163
6174
9774
9081
5292
1727
4151
8040
1539
7981
5266
4911
6165
1525
5345
4653
9164
7909
6221
8639
921
2242
1242
9035
9073
8576
2299
8722
6459
917
1388
9830
8742
1211
9106
2012
8553
4229
8512
6516
8307
3290
2210
3803
8411
5252
2582
4716
3966
1145
7996
4388
3669
6441
419
4562
830
3209
9302
7696
1612
6443
3680
5282
965
6479
3019
7507
2099
796
1810
4919
1429
7451
9930
3595
1412
170
418
5576
6279
3167
729
4326
7897
2361
1944
326
2822
8728
6079
6249
7983
6707
3411
4684
8085
2938
3655
2679
7322
774
984
2402
2176
467
425
5088
4130
689
4805
6666
4725
219
2309
5964
4548
4531
881
28
7367
2629
4102
4139
733
7876
1117
6409
9990
3213
2235
8718
8193
5880
5829
9854
7252
4218
5744
7144
8103
4422
4261
5176
6581
2226
442
5180
7173
9080
6571
9645
4509
3561
3989
9005
2692
9348
7298
1073
4660
2790
9565
9111
6660
9954
8682
4321
2565
5972
7164
4504
5101
4526
8436
6318
8958
4116
9165
105
7741
2395
7137
8865
6249
8458
8727
5442
5044
4112
2770
1819
5335
1071
8461
9896
6672
4782
8055
8124
3168
298
4585
7054
534
8080
5605
8695
4107
7986
3678
8853
2857
4287
8347
3979
5463
1829
3771
9373
1151
4760
9755
5809
6064
8000
361
8017
8257
4250
5911
424
1188
8940
7204
7134
186
7919
6021
8903
7315
7313
5546
3210
5459
8969
2704
1648
2981
4703
5059
914
8582
9849
2843
1841
7030
518
9077
4064
5978
7586
3654
2055
9646
8062
8379
941
1229
8612
7706
1713
2720
601
7720
3694
933
8879
4041
9037
2799
7073
4121
185
1612
7160
9284
9162
849
1175
8988
6251
1878
8708
3972
3031
6091
1559
7965
6532
7727
3060
3495
9952
862
874
9655
8055
3610
7877
324
5710
164
9560
3107
752
1395
7836
8726
7607
6561
1670
2371
9343
5203
217
706
4574
8371
4076
410
6518
1419
8961
1844
2860
1394
6482
2588
1321
3689
6776
3681
5794
4422
5341
390
6614
8562
3066
929
7142
1499
8615
7911
8258
975
2418
4553
3593
9926
4684
9712
2981
2907
7836
1276
5997
2917
2352
590
2178
2365
5997
6782
736
3279
642
8652
9059
8661
7538
5069
6396
4927
9188
3852
6771
3290
1717
2905
5499
8845
4052
5242
2480
2154
7659
2776
5554
8283
5728
1316
4989
5271
2325
5923
6779
2040
5697
9638
8067
3624
3770
1545
4407
3854
2048
8693
4733
5464
6119
910
11
59
5083
1992
2592
820
623
9939
6353
3398
4761
4265
2849
30
5962
3759
5713
5631
4822
2273
5593
8204
9097
3261
3429
2685
2289
6624
5053
766
1487
6905
8281
8539
8962
7149
8678
8838
7637
2232
8800
7872
8164
4953
8802
6168
6105
7224
4497
3965
2700
226
314
7458
7945
9884
4953
1953
7075
3911
7797
3994
2439
7391
2171
7289
1430
5999
4841
5464
8101
7152
176
3757
7772
3969
6974
6823
5840
7618
4931
7477
6349
9654
7657
2895
7779
5242
4759
7186
9561
8293
8781
9377
6498
4589
8486
5692
192
4
8420
2532
9231
1536
3268
5310
7066
9910
2108
6386
9233
6002
8769
3317
8580
8617
3336
3221
7493
5098
3642
3305
8303
785
7487
8899
7854
9754
5249
2901
190
5476
5451
7851
266
4762
6582
7028
339
4328
595
1737
4391
3765
9833
5349
5194
2499
8594
7981
8965
7345
4214
9795
3904
2888
4349
7148
4571
3197
3290
4593
4742
3410
9946
7763
9209
5545
9567
6152
9119
6893
3087
3538
7592
543
4765
9765
8337
1700
6065
8908
972
9562
5775
5684
6609
5590
5816
49
9003
3191
1843
4408
8152
4280
5163
6312
2355
9548
5749
4162
1895
8041
994
2670
3377
4747
8067
3000
6907
8976
3435
1837
1380
1314
2916
4191
5487
2430
6808
4838
2975
1208
9716
5508
1740
406
1793
3407
5321
5834
3237
4014
6639
6203
6331
1253
266
6995
2803
2153
3250
3804
2464
3437
9090
9598
5480
190
7667
3252
7571
8335
9713
4608
4940
4798
1207
1191
8006
9954
2764
4619
4097
760
3626
7307
1318
5717
675
7371
3238
3859
527
293
3880
9231
5911
7675
336
1043
5571
4342
884
9677
9698
7156
7480
6688
6757
5361
3134
981
1902
5960
8398
2044
3849
5590
8590
6351
4843
8982
2175
1400
4259
8943
6331
7550
7953
5752
1494
7629
4239
4901
6688
691
2781
1540
7318
740
5895
7589
7693
8770
8764
6182
3513
9007
6334
952
2659
6470
9864
8398
1428
361
1638
1980
4516
766
2884
8735
7618
5553
1130
5021
1058
8584
9277
5277
7058
5336
4721
6739
629
5707
3176
5945
3867
6471
4488
7541
3303
4854
2701
2487
917
4233
902
176
7438
6592
3426
3902
559
6195
9974
6225
1798
9239
3097
9739
5958
9048
66
6663
2326
5466
2687
664
4683
4042
1089
6321
3544
597
6799
1250
5360
8379
1426
4827
3965
1556
4843
845
8979
6548
555
2702
5779
166
346
6292
1978
5589
5995
1353
4959
2036
9873
4455
6087
7085
9108
7279
2911
6762
9193
4926
1474
5261
3720
8873
5333
7240
2270
6810
9890
3528
7632
4060
6241
5175
6921
6565
1440
842
2313
5118
5575
6454
7770
4095
8077
1397
2893
4384
7027
4715
7328
8144
502
8587
598
7330
3607
4454
7140
9707
5595
6981
5842
4863
1264
1414
907
2596
3450
3255
6727
152
6036
347
6659
1583
5773
9913
7900
6291
8886
6977
3277
961
4036
5379
297
417
4873
4736
4610
961
6749
3367
1261
5811
901
635
4921
4664
7974
4161
1605
8969
2102
4623
2960
710
6623
4204
9860
7993
2894
4405
864
6318
1356
2546
7190
2129
2423
2526
2998
6965
6234
6851
5542
4367
7911
7011
378
1554
4988
1205
4518
3317
409
8995
8455
4875
9626
6643
2852
5286
6315
501
4959
8841
1554
5553
3563
190
8140
4624
8029
7770
8406
2795
904
8894
3841
5022
4129
1199
2823
4134
511
5976
6176
9101
2752
3428
3805
528
9382
387
8237
4819
7614
2199
4155
3365
3475
6123
5704
1250
1905
6023
2291
838
6376
3093
3552
5588
8593
410
4817
6305
3832
3841
3942
2401
863
1564
7071
572
2653
9573
7758
1458
8303
3042
6137
3003
3966
3162
1753
1916
9538
4905
8026
9489
2721
1938
3071
681
2162
5124
7610
3679
7822
7647
4165
7372
165
16
1283
2329
4147
7773
1759
1240
6343
2839
1817
2399
6332
5687
8434
9034
3806
8379
3665
9673
8023
4942
4759
9310
6339
4235
5161
1926
4236
1153
3429
7964
6285
2206
4606
2057
7341
4405
7631
4075
319
5789
4584
3922
9480
8227
5158
1349
2561
213
7963
1424
7928
2376
9676
6991
5444
3350
9492
8755
2954
1065
6232
3583
6863
1951
5648
474
343
3755
1859
5727
1268
7335
9278
1195
5855
723
200
206
4298
4791
2577
4636
6509
8054
1658
9527
5081
956
1463
8475
4752
8843
9424
9560
2851
6724
2964
7455
7622
2805
2577
4177
1908
5186
5638
4975
919
9723
9917
1752
1951
5631
2287
1585
1378
7414
8351
5805
5058
2165
5185
1869
8278
15
8274
3693
37
4540
3088
4916
7941
1440
1975
8633
370
6961
1351
5384
5717
9341
218
4634
5324
8206
5365
3202
1850
2968
2033
3386
6635
8586
2886
3712
1831
356
8888
5793
1195
1125
8140
8210
8766
3884
5496
300
7614
1984
8293
1176
3318
4487
3670
259
6305
6397
3605
116
1770
869
7103
266
899
9169
1137
2905
188
2109
7453
8887
4867
1619
7536
281
8303
6674
1215
1217
2873
2753
9492
3583
5683
1525
9081
6370
2042
8017
6234
5974
4486
1383
4622
1319
904
2779
7998
7942
8455
4218
265
9028
260
1061
223
2533
6995
2294
1405
6791
1791
2819
6317
1845
553
5861
1614
8065
2298
1439
4502
1988
3579
2882
8762
4181
3755
9602
2820
1914
725
7286
5998
9290
295
8689
319
9102
2400
9552
4062
3320
6632
9414
7364
5524
8376
6783
3241
4515
1675
6004
4442
4043
1937
4058
9203
5652
9056
1819
3509
5231
4115
889
9894
1383
2534
3107
4517
4288
7029
511
4034
2767
9151
7787
5905
1088
8849
8470
1325
3843
2364
3603
14
5124
4685
3809
447
9462
1352
3495
8141
8351
4016
6993
701
2083
8835
18
7904
6758
2212
7017
991
4751
1772
5630
1442
5411
1539
3590
5599
726
6849
2868
5752
4494
4081
3559
8474
830
5280
6695
3285
1383
8689
1869
1917
5549
4643
6641
6381
5441
2722
1578
9651
8266
9464
5385
7559
4560
6075
4390
3773
7581
4836
3503
6304
7014
6842
7791
205
8646
7547
1231
1601
3190
8874
985
9429
4879
3743
6708
6762
6590
5621
640
3051
3185
8748
6161
6503
5987
2810
9074
9942
9426
1017
4078
1342
478
1329
6324
2892
5984
924
4617
8360
6053
3016
5727
4074
7731
5164
6708
2843
9548
5067
5935
6055
2486
2078
7722
1661
3845
4788
3215
837
898
7997
1160
3999
315
4919
3766
1182
3919
1726
3616
9762
5893
7105
1136
9251
6830
3881
3563
1772
380
3646
5867
6098
6781
8662
4390
8990
7373
5827
2400
4092
382
5187
9303
2032
5921
8180
8428
9209
834
2848
7490
4232
5857
2900
7053
9561
8246
9102
8326
8365
6331
9857
7567
8799
8504
4841
9071
1292
9338
3718
9949
4062
9132
327
6312
9578
4715
8446
4021
4666
1743
4046
6000
8642
8863
9941
6653
6212
2572
886
2670
4546
2515
5918
7733
3688
1476
5080
958
6833
7434
3362
8824
3188
2895
7223
6328
8977
2238
4128
3542
9281
9197
8337
7575
5874
6291
5801
4310
2414
5852
7152
8549
7327
3402
5772
1895
4094
2228
6728
4244
4412
5749
9493
3211
9607
5836
7229
6570
6619
6594
5080
5290
5635
9719
6294
9954
8405
6168
9394
8723
2573
415
4898
1501
5002
6865
1505
5251
9522
8712
1309
3158
3701
3934
3665
4724
6443
172
9899
4192
8244
7682
7378
5698
7946
6565
154
6791
9034
1455
836
5847
5609
7434
7729
6781
9410
4384
4229
3945
4599
5726
4017
6056
4245
1986
2879
6512
8946
1729
6543
1445
2135
8102
134
6140
7124
9905
3530
100
5134
8874
7524
719
2779
6183
5382
3941
4398
2299
7830
3085
5730
2788
4400
4966
5864
2995
6638
806
2191
91
3236
8974
681
6489
672
1745
936
2634
7487
8938
4092
4573
8796
5184
3502
5008
377
3676
5268
1189
9544
7191
782
4560
974
9329
4435
2231
9939
2923
867
9628
4889
6376
8468
6627
3209
1633
826
6825
5652
9235
6623
7837
8173
7228
6414
6958
4219
3801
6523
9811
1893
1263
3949
1019
3052
8603
3931
4220
2520
2390
1177
9579
1528
6660
9987
7537
7766
8515
9311
2150
3312
4022
3559
6335
6053
5660
7597
5357
8410
7569
4808
4608
232
5846
2302
453
9260
9225
9812
9998
9954
3786
7196
3113
4512
8947
1989
2375
21
518
7108
2315
743
9841
7890
6741
7475
9026
7782
9903
367
8561
313
6649
362
6978
2065
4060
4229
5050
2328
3741
6458
2357
1491
4726
1704
6130
4132
944
3009
9470
8348
6718
9690
1734
5776
6558
4687
124
1970
3731
4669
5246
5541
2487
5100
8065
3507
5040
7556
772
2351
9733
2604
3214
4124
8220
3096
1304
7531
365
2898
7133
3362
9527
8162
6423
3070
7857
8818
2673
3095
983
6446
3954
2822
2991
1693
9555
1946
6202
3165
6396
4441
4521
7251
7113
8691
8334
7140
7464
4328
7460
4421
6189
6369
3839
8768
1246
904
5812
2425
4369
2426
6728
3672
343
6659
2443
4930
4848
2127
4864
6160
1545
470
3467
2071
577
9378
5634
2190
5124
2500
1003
5456
90
6969
7705
8059
1473
9817
6406
3479
9414
5914
8055
8829
4829
8758
837
9311
2896
537
4225
3804
23
4219
222
2556
8438
1892
2965
7759
5929
9452
87
1842
925
4862
9284
764
7305
8555
2002
5857
7747
220
8909
3265
8959
8931
8295
5897
7766
3001
7580
1782
6555
279
1848
2286
1758
3108
5353
8787
3026
1471
8325
6824
6837
1561
4871
5496
6074
138
573
3053
8393
9071
8902
4165
3536
3151
7088
4195
6606
2457
1413
7198
5308
5040
3226
2234
649
1363
1644
2746
5030
2371
5920
9847
3296
9669
8475
3421
8508
8002
2599
8600
5633
4071
5623
5753
5929
5856
2239
4739
5205
8785
7864
668
70
8911
9075
40
6516
5050
9630
8514
9017
6948
8883
9950
5600
3609
5060
24
3341
963
5345
9038
1792
5666
6129
4657
6632
216
4811
2599
46
881
4488
8221
1861
6584
818
613
4255
8056
6611
139
8251
6964
7232
5672
3359
9239
1305
9217
4276
1228
1154
6082
699
8032
7954
4812
7471
932
4475
2839
318
8722
4617
5641
9235
6373
1902
2635
3962
1873
7809
6004
2328
8814
9829
8837
732
55
2935
2168
4458
5
839
2831
6073
3378
6871
7958
7010
255
781
5682
8954
1581
6283
1746
8465
8808
7093
7408
2589
3003
5047
6250
742
6929
2461
4252
4475
4590
5792
6978
2364
6880
3912
9509
4748
5803
726
4667
8510
7490
2294
1046
9572
5634
8031
8722
6970
5825
7747
1117
9639
3581
62
535
9368
2780
2721
526
5407
6673
2883
3300
6288
4515
8329
7370
6608
1005
1536
6012
8451
2247
9511
9493
445
4856
5105
2944
9002
8880
2750
7824
6392
5095
2884
6944
3331
1323
9476
5723
6997
5150
3429
7468
3188
8722
9463
5943
7601
7995
6221
3900
6833
7745
8184
3266
8797
9840
6936
2453
8847
63
4023
9080
7332
3281
497
9255
3489
2716
8992
4701
6092
1921
2656
6839
2750
3091
3501
555
4569
1133
213
9692
622
5096
1479
957
2304
7166
3424
9211
5371
24
1994
726
6151
4088
2811
1286
6127
4711
675
1729
333
5744
6377
3954
7265
1419
8802
5950
5669
6883
5862
4117
2613
5908
6529
8498
8519
2936
912
8882
2967
8472
4427
5353
3207
1242
5685
3192
4732
9338
4735
1803
1023
173
3069
3480
9394
6867
2162
1865
885
2975
2663
188
5548
8951
692
785
4303
1103
1621
5502
2495
2230
4094
2508
5923
9696
5766
4104
2030
5908
4606
5695
3307
6899
630
6575
3945
7544
2955
7482
2962
3330
7365
5631
1329
3323
9131
4115
1429
1740
3837
6001
5772
8449
4388
6271
8308
1986
583
7542
6039
4788
9306
4888
6179
5143
8987
4877
1049
7802
2154
1477
4056
463
3814
951
8166
377
5085
7473
9860
1920
3111
1364
4836
4990
7662
1938
8369
6566
4525
5106
1850
6488
1901
221
3478
7304
2785
6188
9420
1258
9868
8489
6076
1511
6365
3226
6996
2206
1277
1834
5385
3019
4615
4093
8531
8829
3009
7138
6265
4657
8638
1140
4777
1881
5728
8871
1678
8489
5826
4212
576
9840
2335
9489
6020
4305
8080
7755
9972
4257
152
1281
3381
9493
616
3074
6375
3108
4720
9656
5841
576
5069
5137
3747
2006
1502
5188
5213
7644
2349
7990
6314
3660
2123
5602
35
5661
9350
7876
2203
174
8836
1575
6065
1275
9578
8129
9186
5028
7388
3711
55
733
8153
7867
4157
3024
2039
7816
9355
8151
2908
6258
8252
6466
9074
7807
1680
9498
667
7880
671
5409
5284
6941
2578
703
9870
8879
7529
7205
6588
5565
4234
1747
5484
412
3051
7783
4405
6701
1889
2180
4964
4868
3602
8775
7287
4197
1428
2662
8779
5153
87
510
6801
6160
4482
1291
454
1450
7127
8845
5690
4405
7894
4180
1158
4325
4471
7631
9501
6458
1099
8599
3288
3425
8438
2504
7496
9749
5318
9357
3506
1230
2098
8251
441
8109
8166
200
8786
1198
6703
6998
2683
8393
6906
7429
1612
7785
1840
6262
7299
2042
1998
5522
3175
4655
3696
9912
9816
1914
3253
3300
763
6959
7660
894
67
4570
6247
7791
8828
3127
1361
4460
4524
7548
3805
2626
2359
8953
3198
5011
477
5460
8422
8109
3461
6734
2748
1225
3231
4688
9174
9351
4357
6838
939
6317
6974
6970
3651
9318
6524
2532
2678
3102
1246
571
8072
5627
2252
7018
7838
3977
231
4552
494
2752
3730
849
2287
3902
2652
2674
5004
8072
4720
3711
7526
7772
2239
1978
3831
5892
6094
9362
3779
7375
9759
2828
3661
6427
3143
6068
3630
5615
5118
7386
1894
8904
6312
74
8092
7000
9248
9667
5281
3394
9250
8659
9791
3262
4335
8458
1774
307
454
9414
7717
5894
7949
4673
6336
7487
2282
1142
2777
6981
7680
5610
8680
5705
1065
2173
2903
113
4092
5703
1285
6863
6540
2947
1005
1585
1779
1715
6934
9118
6922
2565
7967
3236
8304
221
4290
4538
6450
6940
967
4353
4414
1161
2483
6022
9765
5975
1893
1611
8452
6987
9217
3926
7655
1171
1912
6424
3264
9700
5219
9435
2397
2372
5869
7217
6786
9265
7679
6142
1474
4420
3497
7264
1920
3568
9454
3868
587
1106
3744
3140
339
7527
7985
5255
5891
6229
2661
1791
5925
4574
2695
9056
1222
1910
6531
1853
5520
2730
9915
9429
2510
7266
2005
9628
2270
5760
6579
9285
1515
1851
810
2919
2957
8355
2939
3715
7195
815
754
7717
4644
2318
2347
3296
6733
6889
7474
2800
5232
5367
6399
8854
5697
5865
1314
7576
9318
2457
1408
3298
504
230
4196
5093
1615
1283
9486
8331
7343
8945
6188
6051
8120
9105
9052
4402
1670
2085
54
7540
8450
9849
1942
6701
9826
9670
6208
9078
512
589
332
644
2499
6839
323
4216
1
7744
7659
8663
3102
9568
6682
5553
2021
8535
3615
6376
7592
8440
922
2439
9388
8466
8823
7391
152
4430
2079
5383
9018
7587
1501
4186
1703
4659
8241
6089
9935
8435
2982
732
167
2732
3852
7250
9375
9920
4647
9105
3384
1400
3403
8171
271
6903
4297
5380
8494
848
7283
436
5456
5625
3632
3149
9110
355
3725
5535
6731
4219
1822
2407
6031
1860
5659
6971
2675
9216
4006
6044
9338
6056
6697
7896
8584
6452
1854
6139
8262
2327
5036
733
6614
6595
7215
5865
5458
9089
2853
5637
229
6993
7437
6908
5404
1962
3797
5053
3516
8719
2160
2044
1026
9072
1845
2210
7917
9503
6184
5765
2357
3892
192
5143
8310
4127
1212
726
6505
6916
6150
1771
1548
9847
4472
5625
2072
5184
2693
7131
9856
9787
8377
9540
5745
5527
1435
1243
3677
1407
7725
9836
7009
594
5803
3640
4434
2908
9962
5124
6316
8132
8073
6562
319
4559
5369
1612
4775
8800
3856
1280
5728
8824
326
6156
2936
8966
8655
562
5375
9631
7759
1688
6848
8595
9773
1801
7159
6246
3026
903
5970
4797
1623
4685
1572
6609
8212
7809
4969
2217
6151
4069
951
4736
8047
9544
6294
9523
7817
8144
632
421
9791
513
8346
3670
4467
1276
6776
8941
4704
3970
4509
743
6290
1859
74
8489
2939
9084
8829
3179
2184
3431
8300
2430
917
1399
5788
286
902
6570
3203
8845
8888
7674
4922
7853
724
8174
1012
1467
3388
611
8928
830
2171
4940
3778
5780
3043
959
4512
9906
3346
5725
7396
447
9612
5330
8237
3370
2334
8074
9992
2464
5236
4505
7935
9965
6301
5464
5015
1281
9906
8670
5504
7003
964
8173
3155
630
1922
3574
4193
4413
9703
2802
5300
1318
8700
5350
5668
2558
2368
4064
1098
9627
8685
6308
6583
5046
3332
7737
2780
7943
3611
2266
9981
2265
5057
4087
4913
7151
6752
993
2313
1934
4310
5067
9551
5172
7264
8319
2105
7575
3917
8268
4218
1489
9291
3804
1302
3679
7106
8990
1925
4082
7041
7938
9291
3608
5219
2666
8543
7397
2280
2457
8933
9156
4858
920
93
5683
9442
4999
8797
950
5508
3243
8089
9079
1524
7496
863
9624
3563
7316
6273
6098
2438
9848
3861
3807
2358
1953
8047
9385
4833
6907
6411
2134
8922
5764
5118
7323
8070
9898
2344
5437
4592
9715
2582
9986
1800
6641
251
5949
4518
2720
1835
177
8048
5298
8304
2735
6376
7852
7445
5174
3416
6633
6543
2829
7413
1801
2979
1074
3199
5974
5769
5936
7034
7913
3336
3118
9121
1955
3173
3221
2392
7973
1069
6221
6186
3307
7537
1707
9182
4818
472
7633
4792
7809
9443
2799
3638
1646
741
8726
7353
5053
1361
4631
8651
3468
8639
2134
531
1300
8180
1414
1949
6769
3015
6954
1688
6304
2951
250
2635
1924
7207
5972
8310
6124
926
3703
2557
3145
5961
5210
4990
3556
4741
3540
407
8388
8225
7565
3024
4934
8429
4579
7300
6281
6680
7295
4257
6677
7028
3536
6897
6379
7490
308
8274
4937
5041
9222
4555
9490
7429
3404
5998
1563
2450
7259
3384
2130
2506
1519
5239
1199
5275
7973
6162
9802
7926
3742
8012
7765
1968
9856
9010
7822
3895
9807
4543
6200
5439
3117
9799
8322
2003
7572
2216
235
2792
9947
4044
3351
8413
704
2655
9315
2123
5025
8715
2509
4685
2591
395
7407
6575
7166
3371
1688
1541
9021
9505
3917
1265
5597
1241
1057
2386
6854
5877
4119
5153
4418
2095
8806
4364
8282
8400
115
8062
2769
7050
839
3861
9823
4946
4381
9344
6914
5514
8066
3579
1057
2000
7642
6976
6209
991
64
2681
420
9593
5801
5220
9882
5654
3927
4129
1007
9447
9001
6060
4697
3200
4750
4428
5252
6552
7590
8115
6912
3170
4983
9187
4715
3206
6876
7764
3183
1580
4066
1547
7158
7479
1784
1177
6175
5620
4299
8032
3918
7224
3393
5260
4095
2047
8102
3272
3841
5902
2973
1790
3832
3780
8887
9039
770
8891
6957
3951
5668
6803
7728
9974
380
455
4800
8517
4955
9810
6771
8367
1843
612
9988
5252
71
8481
2062
4804
3315
3209
5511
994
4777
1295
5909
7205
4242
6434
813
8241
5169
5780
9400
9353
2862
8234
5939
35
5392
6440
7985
5399
2499
925
2372
1953
4910
2568
3537
6159
2174
6873
7081
9861
9355
1058
8763
3356
4514
3461
741
4459
4530
6033
8359
913
3135
2398
5984
6646
5881
7229
2469
3440
1808
1252
3379
846
9557
8885
6528
3418
7082
3652
656
6745
9318
3312
5429
9631
974
4315
7798
4055
7351
8553
3758
4134
1121
3826
8983
8419
7127
8445
6762
1925
6877
9311
3493
2663
3227
9939
5898
6168
8467
5325
8521
1941
7544
7484
7942
6254
8543
1170
3317
1784
9797
4694
4348
2906
6023
2551
8980
7590
2844
5536
3321
7581
3480
6234
8553
5210
508
7495
8985
1184
5540
9965
7806
8981
4769
5054
3240
6852
5629
1312
3772
8625
5006
2802
5476
2649
1911
7872
2271
1855
8721
5376
3101
4221
5039
794
1205
2384
5844
1424
3416
896
1699
3800
9253
6047
6598
4052
4199
7972
2136
8861
4687
3856
9355
3565
9890
8803
4158
2214
42
1016
4596
4147
8059
5584
6157
8376
3171
3838
6292
1426
687
9890
7197
3686
2627
2201
8353
4591
7603
5991
6938
8098
633
4689
5918
3931
9935
1589
7408
8447
2312
3291
8078
228
9817
4992
7893
2870
7078
7377
7529
6408
8513
4713
719
8782
3422
1007
8526
4304
9575
9035
5791
919
8686
2582
6400
507
3501
4744
4968
161
7267
6777
5894
1573
6902
7222
4760
7272
5416
4458
7681
2626
9289
5916
4172
7229
8023
3276
3609
1451
5257
8228
9229
7890
7238
6378
4027
5012
5697
9731
8926
8369
4106
6072
6186
1582
5534
1114
1835
9837
108
8954
8514
1058
9146
3058
7659
3722
9056
1761
8666
4624
1757
9679
1918
9945
4498
4310
2626
2144
3100
8872
102
2352
1045
4273
2347
3269
2063
1875
3921
3512
9627
5292
2686
507
798
8513
4872
9903
3117
4618
5008
6591
6047
2547
3309
2985
2213
6205
7775
491
4605
6244
3702
3643
3130
9142
8475
1940
6776
6607
8833
1589
8153
8673
6058
4095
3546
1396
3400
935
6410
313
1940
3263
1368
2196
4800
2392
7528
1302
8852
5072
6938
3679
8064
2739
275
826
2858
9587
6947
9032
335
9608
4890
1688
8106
5824
2773
9299
3398
2007
1082
4106
7192
8126
7588
4826
4957
9218
3461
4307
8220
7468
2486
3891
6092
3076
1578
1781
1198
4341
2748
174
4459
9685
4048
6797
5379
6053
1771
714
5895
799
6221
4770
815
760
9450
2724
549
8313
6342
7451
7457
6861
9841
2734
7048
7580
4975
1886
1110
2393
8181
6462
4246
2455
3139
815
8811
3382
2934
1056
6121
6785
497
4421
5367
2700
9811
9968
3067
4423
1873
3064
4775
5453
9298
1275
4378
8245
3290
9599
8182
5809
8152
1193
7331
9598
842
842
8542
2949
8729
2929
6587
7257
6663
9833
8099
6260
4559
2779
183
9449
9372
2749
313
7377
9000
8782
6296
4572
2583
1355
1974
1001
585
3179
3388
725
4447
439
545
5096
2990
826
9424
4663
6555
332
5069
1215
8153
1819
2364
4576
875
582
4413
2551
4635
1258
9680
8696
2737
94
8233
9200
4117
7548
2199
7237
6257
2581
9814
2967
3125
4263
565
4998
8489
594
8245
6409
1994
6455
1573
4224
3744
3707
6998
1062
2047
4358
2929
5613
1120
9326
7377
8661
5215
1113
7246
616
2301
2566
7141
4611
2892
3763
2562
5369
7750
1805
4745
9398
1440
9761
8887
116
2569
9082
4954
9397
3710
593
5551
2128
3654
1316
4165
441
6967
7577
8256
6171
2187
2686
1532
2505
2584
6717
2744
320
9245
8998
2135
4160
7600
4239
2097
8462
6060
2635
6388
4895
3134
476
5899
9338
1350
9017
1088
1937
4706
5158
8856
1398
6842
6804
2789
8135
2427
6399
3247
7549
9488
9743
7407
2794
9664
7938
6959
6739
4317
3277
8103
3685
5118
3917
7208
600
5717
6938
171
9782
4182
9663
6816
302
7122
3982
7270
1456
257
8086
7005
9922
5174
2094
9783
6459
2219
2081
1862
6599
7072
5012
6548
7667
2138
2644
6189
1342
4779
3638
1035
2615
1393
5078
2877
1295
3743
502
8315
3401
9192
6382
8307
9777
1727
9822
2253
1240
6263
7834
3765
3485
9457
4342
7887
2357
5221
5024
1007
8530
112
6773
591
8460
8810
2659
2030
4382
6418
8000
5917
5484
797
8988
7607
9292
892
1795
4163
9834
2206
9093
8886
3030
297
2842
3453
4375
3654
3431
6186
4443
3633
4048
6563
1653
354
7927
3738
347
2168
8796
948
9681
1719
6566
7158
2699
3732
5261
3035
1488
3632
860
3478
7550
8863
7010
4024
5088
879
7545
7594
3234
5896
7250
573
1834
1915
9624
2029
8999
8236
4072
9481
2075
6506
5758
530
8513
495
3198
7430
6484
5716
1961
8743
8831
6643
1603
5886
1624
7093
4540
9272
9032
3879
9431
5305
2948
9347
2447
9904
9707
974
1957
3990
3008
5521
370
4138
8300
3576
8018
4411
5347
5489
9007
3089
229
6206
7239
8274
5354
8960
7813
7648
8635
4846
2403
3171
5010
6838
5542
2076
8814
4124
5540
2295
5052
8136
2893
3334
27
5216
3446
6600
2082
5160
4700
9231
5004
4704
1572
7956
4550
7335
6466
918
3020
483
6514
1751
4776
3377
7170
189
8192
1955
8837
9743
1662
2335
1708
3123
6862
8105
1159
4187
3439
9314
6565
4638
6640
5723
864
1850
8082
4040
6699
7431
9231
9944
1162
125
2741
4895
6876
3318
4367
337
2138
4781
4771
4330
1861
2423
827
9621
1608
9602
1114
7108
8309
604
7415
1258
6489
5007
9915
8248
9782
2419
3743
1888
3467
2070
1152
3836
8023
3850
6412
7956
3944
5607
6875
3599
4426
6493
533
6007
7542
721
9357
9509
5252
9560
6231
574
2481
2127
6094
5280
4129
6590
8962
1143
6514
3770
1527
1178
6350
2878
6657
2560
5776
3129
7616
2600
2758
1034
5836
9074
6316
1479
5439
1194
5367
3667
2865
8924
2115
3544
3159
7158
2574
7267
8523
5010
7623
2322
7804
6701
8457
8551
1492
3112
3822
9620
625
9441
3413
163
8404
8584
9818
219
8075
2081
3579
4957
7465
9095
1488
1381
4131
2849
25
590
6395
9883
6605
3333
1286
3222
9445
6928
9278
9942
1173
4553
2897
9904
2252
9074
5016
2919
1014
3645
4978
1276
4768
8529
5381
8377
9381
4141
5918
3491
1169
2769
1117
6555
8700
7268
3299
8906
1271
6177
2427
6455
1389
6860
4215
5910
6182
1119
5172
5929
3147
808
2322
7857
445
6043
1981
4454
8849
9310
2911
5750
7691
8382
4765
9383
2839
1379
1733
2882
4154
312
5553
7064
5549
1777
3020
1754
7206
8254
3402
1567
9756
4225
2995
5788
6760
4496
4297
8307
6244
3784
2888
3513
3222
4922
2181
2592
7796
6890
9732
2947
7063
6110
1474
5726
6600
6034
1561
4884
8745
9392
5169
3352
6454
6920
3809
8652
9653
5280
6171
6307
7660
2514
6392
349
7425
2529
1617
5187
3992
3595
2903
6618
97
8188
3046
5620
754
4531
655
4786
5212
6011
3710
3280
7624
32
2299
9013
519
5000
5004
4065
8865
8854
5008
3301
4617
2274
4587
3275
6458
7629
5987
3674
6911
9205
6254
7275
6180
2072
6362
5253
872
5615
8898
8579
9715
9714
1986
4662
288
7354
8495
6219
6899
2440
8508
6489
8066
2152
3724
3599
6179
6878
903
8721
526
1753
3076
8374
8010
5968
8517
364
1790
4861
7364
503
8807
9542
9047
6772
3368
4329
8597
5504
4605
4373
5261
8375
782
5126
3715
8691
693
2067
696
8247
5335
3074
7002
5318
3936
9059
8851
4114
2412
874
1458
8718
7575
8744
528
2210
1701
6
9101
3855
2975
7390
7286
8964
5260
3388
2824
8568
5446
4621
1486
1883
1870
5978
3777
7021
638
7645
6175
7964
1126
3932
8529
5826
6305
3
7174
2304
298
7082
8218
1351
8788
6603
6838
8892
6748
2212
2803
6420
2840
5225
2435
4070
9190
1813
3756
1089
234
5861
8334
8813
8057
5980
9779
3886
7279
1037
1718
3168
7391
9377
8275
3999
1492
3944
5493
8383
9375
2602
1825
9065
1519
9415
2992
1680
838
1551
4108
438
1556
5311
7964
6319
2473
3366
9244
8696
2203
9797
9897
4003
9167
2053
314
3299
3966
6255
6577
8944
6985
7670
9230
6744
9431
338
4597
6420
6987
2904
3255
4565
6122
7265
4577
229
3916
6680
3940
5440
7573
7049
6033
5979
353
4752
4798
1312
5621
5114
8834
1328
3606
7840
368
4552
788
8025
5723
7780
2513
2557
9670
1128
3926
4255
6432
9285
5016
8583
5970
3948
6781
7377
224
8615
7131
6958
6148
9675
7839
4573
3270
802
6278
2170
229
5016
4012
2964
254
5678
4972
2859
256
8984
2922
390
782
4860
6462
4714
1048
3156
9537
6211
312
119
105
5098
6533
1758
7567
8276
1273
1250
4850
4113
6627
6952
5213
1435
3029
2268
8136
8836
5315
700
1470
3422
2995
4855
6748
2737
6945
3093
2058
9481
5357
9553
9953
9944
4024
6355
2110
3397
7075
3004
1590
6164
9913
8040
6690
552
9563
4185
9914
4761
157
2511
2191
7152
8933
1575
657
1505
8991
1431
1940
2704
7224
2204
733
2445
4077
6137
1512
7274
6510
854
2286
1582
7801
5132
1662
3767
4667
4790
4963
6459
6099
1054
4575
2698
1774
6055
4665
2659
6739
2824
9179
9009
8300
7159
136
4915
7678
4044
286
932
4132
3794
5887
4983
9027
2841
1896
4524
9776
5562
1874
9573
6302
692
6550
2421
9613
7522
6785
4083
4375
7855
2834
4991
5997
8781
1121
4941
5620
3894
2788
5472
8342
5578
8400
8940
174
642
4540
2636
8262
3678
6021
9160
6533
3891
8262
1901
8758
5074
5176
6104
498
6777
5355
6256
2306
2798
2475
9004
4952
9031
8434
9138
6429
6795
8018
2586
7348
5097
6959
3849
2778
2740
7008
7493
4981
1678
3783
6276
272
338
1100
456
5377
7304
3555
7456
9642
811
9164
2637
4513
5497
9200
6331
4405
8617
8777
7803
6714
9357
4221
148
4951
9212
2725
5847
5012
5050
4343
3744
4510
9943
8171
7843
4080
3381
2429
6818
4040
8780
9401
8723
6739
5222
1168
1705
7192
1940
5869
80
4462
1901
2938
9704
5617
8500
5039
9727
5348
2611
8436
9682
7414
7035
5405
4415
8036
5592
8902
8682
8850
1940
299
6532
2714
9044
3186
1286
6735
2905
7356
5887
9716
7229
8040
249
2944
6394
5242
2086
7287
5529
3497
420
8850
7704
4674
961
1350
9613
1107
9975
7391
4642
4773
8794
7768
3378
5740
5710
2572
8627
2744
1866
4656
6408
909
4285
8534
7521
3139
258
5513
751
5593
2662
9887
5866
5889
4268
7468
95
3407
3912
1621
9638
3576
7308
3077
3495
1608
3232
339
6697
8432
6159
7440
5382
3209
5869
6647
5026
1400
8998
1349
8224
2082
2420
7551
863
3368
3982
5358
3293
1727
425
2878
4518
2020
5048
6497
8043
640
5767
9821
1014
4817
8460
9438
1251
6502
6701
7495
8089
7695
7214
4504
4159
282
4683
6580
1865
4636
7497
3574
2260
137
7868
1456
4610
2912
6451
3018
1582
2438
4908
6579
1982
7150
7967
2488
7005
6696
2679
2683
5612
7185
8783
2984
8997
4777
6702
356
9948
472
6199
7714
2128
3572
1835
5513
7410
8424
1016
685
7894
7376
598
7791
5612
1266
5300
6647
7244
7883
9589
1294
1300
5729
1476
691
4654
7317
3644
5424
1884
1554
39
5090
5253
7202
5209
7736
3400
8856
9900
262
7369
8194
3478
2795
8808
8942
8791
7039
5848
6437
5003
2775
111
8545
638
1276
2173
4383
5080
3076
4215
9095
6347
9743
4503
6269
1695
8993
6644
2035
8816
5519
6429
1193
670
8210
3690
66
1837
8035
9737
3064
7487
1875
5120
5168
9981
6599
3306
8757
9563
4244
8634
2328
9883
4447
1016
6211
4076
5413
7441
2238
3573
2768
9721
767
9069
7634
2663
2958
7786
1393
5022
5064
4055
7819
1830
6135
1805
5266
9998
7039
9514
5864
8934
8024
9572
5979
5423
9776
6590
2356
2854
84
4065
1198
9788
8046
9151
6821
926
9718
2326
5240
5470
2308
7302
8718
9716
44
7814
5863
7821
7786
9456
1519
1039
5314
1729
8
4701
7659
7056
6152
1385
9807
6947
7737
2440
1546
2825
1503
655
366
3417
3631
6289
4614
2541
8888
5065
9000
207
4904
5972
7623
9550
4253
7730
3805
8698
1937
5494
2877
234
7928
2043
3854
4714
7553
6154
907
6160
5785
260
4328
1585
4908
4778
7032
9690
216
2804
8895
1384
6459
9126
7435
2245
948
8781
2154
3965
9673
6617
3834
1608
6141
1076
5104
5258
2473
307
9581
6473
2781
6052
8193
6843
3714
5103
7398
8122
8659
5926
3827
7231
8706
3679
8399
6159
484
9551
2675
3041
5659
1160
5730
3804
170
4166
1807
1582
6906
3081
975
915
7307
4454
9860
3722
3454
2598
683
3607
7270
1580
2047
7286
1003
3478
1606
276
4198
879
7365
8711
245
7527
9239
3630
8322
499
4283
9437
2988
9908
2410
4185
5726
9532
420
9345
4372
4315
3250
2323
6416
3448
1339
7584
2062
9863
4837
7038
2539
8736
5716
825
8714
4743
1140
8234
2750
1762
4328
2840
9733
3794
2001
9126
549
884
4547
5924
6892
3397
3490
2460
8844
9654
1979
8337
7179
6051
348
5441
3255
2955
2614
4357
4964
3422
2281
3755
6738
5142
8015
5594
2662
8001
7039
8917
8801
6846
3424
5563
2787
2046
9748
2912
6619
4302
2863
1220
6299
9809
2498
179
6640
3196
7402
2997
433
5816
9723
4439
1751
6780
5367
2193
839
381
3072
1684
1113
1131
9083
2350
9214
5590
5639
1603
4068
6212
8705
3921
5462
5474
2657
3522
1990
8038
390
8026
472
8461
4366
9207
1536
974
1146
8952
6154
9794
4972
4589
4059
6404
5404
5221
7599
9156
3352
3595
6726
2315
724
2884
653
8958
6476
3405
5116
1018
6554
5323
7717
7802
7035
9733
3775
5119
3231
5669
4184
1477
5762
7836
6753
6058
5340
5129
9311
7295
1934
8084
1103
8855
6230
95
7615
2447
2374
4384
3144
5879
1833
5607
2585
5879
8794
9244
8873
8262
9605
2365
8552
484
45
9193
6397
6437
4196
1615
8032
3413
3864
5322
3349
1484
1881
2075
7969
4525
6462
9035
2433
9596
4217
3512
3928
9207
5530
812
4527
9408
5414
345
2040
2766
2052
3409
4860
266
6652
9681
8530
8055
5032
7254
3892
9100
4819
8692
3861
7723
9006
3058
9580
9111
1701
2097
9781
7251
5446
6172
6896
9268
158
90
5164
3085
7020
3268
7884
2507
1650
211
8945
1625
2680
4997
6415
3075
1095
1036
1686
2845
6989
3706
6855
1065
665
6842
7091
1046
9758
9656
1713
3761
5708
3966
4854
8226
7285
1356
1267
4131
9809
8425
6456
1662
4180
5583
217
6865
1134
9330
1184
7083
9009
1474
1808
6926
6509
4898
8548
733
4949
5351
8696
1313
6425
4498
8858
6544
7451
4956
9314
595
1392
6617
1383
7959
7047
800
50
547
1723
9419
8966
3010
8586
5125
5856
4333
1497
6145
7012
1997
7788
128
3923
3258
5857
9159
6351
5810
2977
3535
384
1322
2501
7307
7138
9615
770
1088
2689
9690
7672
1298
973
5476
8692
9495
4475
4161
2573
4525
2610
7648
9477
774
47
4534
1563
481
3261
3578
414
6419
2516
6448
214
6477
8822
8309
1709
6274
9536
5805
6272
9279
9452
9300
5458
5602
3246
5580
6308
9465
8501
3850
6212
4381
58
7373
429
2509
1010
4754
9735
7397
4664
6552
5225
2900
3617
6137
65
3280
7316
4670
333
6805
7417
7682
5198
2409
2696
311
5132
7754
6867
7493
2852
1424
2865
8479
2693
841
4434
2481
4764
2556
4398
9899
5129
6140
6870
3209
8331
5647
4941
7846
7481
191
4383
9478
7148
9585
2085
301
3058
7431
6228
1516
3791
4897
1361
9790
9700
7504
1146
5648
2861
1560
8351
7401
9537
4221
2676
3421
4876
2021
7183
6434
880
5036
9733
477
3985
9494
481
6734
3611
8752
3611
4651
5796
2350
3179
8498
8699
9147
9745
8432
739
9876
9522
3530
94
7688
9278
3869
885
9725
3963
7769
2169
666
9205
1028
4943
1575
1299
5520
6645
7479
6608
378
3790
1482
4152
8616
3239
693
9731
7284
785
2826
1937
5482
419
1353
9117
4310
6542
3524
96
2631
8360
315
9157
6486
9386
1522
1019
6801
7178
3812
7667
1430
7150
8978
3788
6730
4203
9603
9356
96
7631
8844
9696
1972
6842
9241
7533
2289
6408
3698
2535
7025
4213
2075
3977
6087
9537
4818
6103
2533
3664
8720
5114
485
7139
3857
9032
8132
8591
2995
2851
5658
9883
274
3729
8250
2023
3282
6553
1390
3976
7602
8997
3197
5739
6342
8620
8993
6931
3378
768
4181
6865
6618
2922
2580
3974
9914
9875
6538
4136
7281
5642
6931
5349
9554
1667
1960
4706
9381
6316
7753
1467
97
2116
7457
390
8232
1835
5651
355
2500
1175
7615
8124
6465
7720
920
42
5792
214
4680
8214
8199
4465
4678
6082
6035
4328
9453
4865
6735
6445
7330
5960
6242
369
7669
5181
4203
8997
4443
3057
1426
5943
4573
3044
6456
4555
2317
5532
8506
8752
5665
6048
1231
5926
4729
5317
4496
4191
4518
9528
1464
6563
3226
444
4342
3656
464
4403
8446
9109
6833
6248
1885
1440
2404
5100
2388
5427
9453
1677
610
6801
4011
2661
2365
5743
1675
545
631
3897
7858
4645
8454
4119
5854
6969
5620
8105
9442
9540
5368
3539
5049
7974
186
2517
730
3068
4646
7646
8661
9883
8763
5867
1627
9583
1082
4469
2335
8592
1205
2438
994
7846
1935
4968
1483
3669
214
7230
5959
3767
5676
686
7606
810
3440
2700
780
7622
2972
3801
7198
8248
2971
8336
9988
4238
799
415
7089
9940
5793
6771
2161
4390
2705
441
186
5881
6832
306
6876
5540
5464
7560
9747
1503
8959
7945
5916
6528
7120
6088
9118
2490
5122
3908
5251
9469
4471
7779
1922
4374
3835
847
8674
751
2709
5701
2554
4604
9476
2169
7955
5794
9944
3065
5244
6947
5259
5967
65
1151
9910
8362
9429
8076
6672
7335
2703
1956
9317
8561
8829
2345
7517
196
1925
6310
8643
1333
874
1746
7149
9241
4816
3232
146
2974
5090
3937
6569
7788
2130
8355
6988
5705
7201
4205
7606
847
90
2681
4926
8318
8741
7079
4682
4752
8079
450
7264
8518
593
3928
8669
379
3875
5122
1804
4104
8397
113
7797
5948
3829
4539
4564
2486
1802
6478
5058
5845
5720
9128
8349
1699
2363
6256
5527
7346
5660
189
2090
446
653
3018
1446
4569
4180
1717
5238
5149
1870
100
2722
7418
2387
7534
710
9696
3923
1304
7479
2271
3774
2827
4553
1179
8061
6955
784
3215
8245
5658
3010
6499
7349
6964
3071
9910
258
7472
1618
5033
1479
1665
6413
1706
2270
1964
9926
9785
5453
2659
9966
269
4866
8559
5523
3492
9379
1281
8831
5269
7335
9595
2268
2703
9980
3060
4961
6867
2117
8261
3968
1459
2307
4248
2307
3853
9126
4208
8387
3364
8396
3438
9822
197
6749
7850
3776
7409
3677
4347
8953
4389
6672
3854
3498
9300
5289
2419
9864
8994
5943
4353
4607
9677
6824
6593
6000
4590
8688
242
3956
9903
1647
5656
3790
1034
8409
8344
1696
6364
1155
2885
7544
1989
6194
1474
1452
7699
5523
1230
8740
9711
5366
2236
8443
9890
3513
5005
6052
269
45
683
1311
7267
9318
3156
7598
7609
4786
6931
8241
5423
7432
439
7931
5580
6268
3780
399
9830
7059
4170
4008
9359
3337
9100
4979
7635
6926
9124
8102
2020
3750
6371
8629
4957
2516
4241
9864
6651
6606
7614
2710
5272
1403
389
8500
873
8435
5960
1338
9829
9163
5501
2884
1994
3026
454
3079
1378
979
3437
5393
2500
6464
5580
3838
9254
4478
552
6299
6907
859
3316
8023
8279
6902
9398
6857
5584
5728
2928
1343
4342
1893
6570
5078
8545
3594
7615
4798
5779
9112
2835
6691
6044
4896
9438
8695
8577
7222
7129
4839
5345
2246
4836
7228
2616
8834
2393
8804
4109
470
7834
9774
9514
6103
809
3304
8185
4984
7527
560
4918
1456
3217
8892
6028
2180
787
2326
3987
3165
9710
3410
6442
8331
3817
4405
7823
8357
3537
2401
1736
8912
5346
8516
4178
3541
1085
4410
5250
6005
6599
8474
1057
6696
6688
1055
589
6471
9620
8934
3157
7861
9853
2420
1081
4553
7809
2170
2245
889
9426
9198
9947
9330
8613
9963
9163
8539
4074
523
815
6994
1544
522
7652
3470
78
9079
5979
7314
2110
5730
9523
5206
6402
1398
6740
1538
3359
2625
750
5209
5989
14
1765
5122
2079
6736
7878
4063
2840
2157
2674
6452
207
1685
3902
2508
4201
358
5640
6538
9811
6493
8364
6030
615
6313
273
8432
8348
5861
9283
9954
5335
4616
1498
4990
1710
7545
5033
4286
6884
9959
6404
9280
5479
2497
2288
8758
7402
5018
9273
5630
7491
168
6306
7329
2104
4211
6227
6039
5266
8976
1753
9809
291
7205
5689
3421
693
1498
6118
6268
4933
4819
6813
2967
7104
2037
6069
8655
1122
4744
2781
2849
5956
6068
2169
7684
3231
119
1606
8476
5613
2192
4456
4400
9924
1357
3847
2619
1321
1396
5825
5178
5510
3315
4335
8569
9380
4006
5281
9508
5564
3916
384
8790
9016
2256
4113
6483
8266
9027
1380
4499
3377
1894
5107
6102
1877
8559
2694
4514
3597
3113
7107
7369
6758
7931
4792
2845
6004
7755
6458
1017
164
1053
2328
2452
6995
3273
6646
6801
5432
1992
5918
4041
6961
5451
9619
3329
204
9471
1868
6004
8685
6392
7873
6072
2336
3181
7443
5594
7391
3420
7039
2377
4311
94
2656
8476
9344
4309
6881
3199
519
2427
2311
7940
3423
914
5224
8303
4770
2972
3063
4229
1111
7079
2395
4279
6036
8264
7314
6381
8657
8079
3893
5458
2970
9661
5801
5164
1758
306
3736
4303
7755
8488
6369
7235
9339
5477
587
6250
1438
8964
6156
6825
6938
6603
1460
677
674
9182
1809
2102
9302
5249
7909
5560
5923
8710
9315
9121
3186
9183
8282
9431
1908
2413
3456
1102
4410
676
8304
4395
3725
180
8799
9755
2259
9854
4217
9164
6549
5160
1606
8911
5829
340
581
2960
7213
6956
692
3151
8274
8550
7128
125
9753
4290
1538
4635
9520
4718
6947
687
621
4009
3479
2364
2292
1822
3753
8117
8029
7308
8524
2220
4195
8236
6524
5221
5184
4836
1972
7974
4882
9805
4998
1773
5657
3915
2342
522
9116
1377
255
4757
4748
2896
8820
2378
1673
3732
6932
8880
8127
313
2235
7501
2047
6363
5311
8035
6962
7628
2830
7600
2087
2026
8227
6449
2709
1711
4331
4511
1869
1471
284
4169
3933
6086
5450
2596
767
3233
7003
6950
3272
9188
5484
9602
143
8921
2446
6721
4013
8048
7350
4696
7476
3070
782
8068
4894
9390
5555
6882
8661
7195
6627
8488
7040
2094
9711
541
2175
4285
8987
5388
3214
7762
2185
3000
4462
432
95
9287
7457
6158
312
7778
3153
5855
3636
2129
973
5468
8693
9597
7670
3975
7676
9359
8645
7192
1173
3859
7671
6711
7834
3867
7512
2655
2252
4132
6186
267
414
6202
5237
7923
3464
7152
5539
6609
3925
1656
2836
4290
8309
1382
4303
1511
6193
6248
8962
1642
5577
1130
9807
8876
6146
8946
4159
2530
5090
7564
74
3499
1805
4599
3974
4552
708
3511
5813
5933
5782
8868
2820
4989
5299
9747
9240
8644
30
1033
709
7870
2952
9903
3414
6554
2141
1067
4201
6365
6634
4365
867
5854
1926
8368
5791
4694
8794
1353
6486
3754
1235
5737
1776
4296
8411
7529
1894
7439
4192
6976
3383
2130
1120
1544
6417
9830
8498
292
1785
8543
3349
1570
1461
9090
8672
1456
3009
6511
8795
8433
4390
341
645
3267
1335
182
6030
3177
2876
9998
8550
7064
5771
1287
177
777
7074
8008
7598
9835
842
5032
3052
6683
3689
1722
9015
5181
8319
7727
6990
9418
5082
1510
5880
1998
769
2725
2501
9891
8921
6109
6635
3278
1835
7856
8320
8840
6947
6727
7510
4706
8179
5431
327
7996
8271
2994
5641
3196
8282
9999
1255
2496
6272
472
5673
2620
7740
4290
9113
2336
1725
7244
7110
3708
9652
5998
4335
5500
1242
4702
2084
4015
9670
987
6879
5482
7771
8459
2655
3901
1374
2041
321
8438
4284
6258
5553
1926
9336
8829
2955
2994
9414
9218
7285
2276
4845
9578
9307
88
9109
8116
1073
1677
9530
6919
6505
7723
670
5870
1823
3859
8608
1295
9192
2821
7627
5916
8993
7696
9425
4844
1051
4039
3621
7040
8723
9625
8948
5268
9687
4598
7744
868
5421
7398
8790
3357
387
5224
2371
6832
7329
8199
933
4716
8639
2855
884
6906
2532
6188
3010
3780
7721
2912
7871
6669
5789
4138
2280
7160
9151
7226
3751
1029
1654
2582
124
5828
8262
7180
1279
1589
6080
6090
9115
4788
2317
7208
5673
7780
2075
3692
5828
2795
7070
2521
5013
8766
1328
547
5307
6207
4699
8510
5079
2086
8255
2624
7592
5276
8403
7586
332
1461
5509
5174
4144
3104
2119
4430
3705
6396
4526
8518
5200
1420
8622
9771
4593
2
610
6242
5113
3816
5377
222
4603
8402
7228
5971
4780
2900
450
4286
2806
1953
4958
1812
5699
2455
6881
9554
9011
6698
1364
4320
5535
2205
3392
4984
7723
9864
4064
8630
1918
5597
5440
3420
425
6092
8240
7019
6084
1678
6256
7400
2194
4233
7933
3852
353
6594
7139
389
5583
9521
4700
7716
4615
8016
9995
9734
210
3866
120
6723
9474
1102
7814
5948
433
8864
673
5050
9207
5626
3521
7585
667
5684
7488
5994
1751
9621
9727
2778
9178
954
1320
9088
1559
7696
5060
8835
9352
8843
6121
5707
3962
40
2135
2495
9490
3697
6648
7093
8246
1626
7109
4775
119
5165
5755
7531
2297
2857
6777
650
8124
1808
5793
2810
4353
5566
2487
1770
3931
6774
9409
651
7729
4099
7049
1167
2463
2232
3542
3833
646
1356
728
55
6900
228
8305
5244
2565
5905
9203
331
5837
7742
7729
1936
7696
1598
6002
5280
6163
1122
8198
5826
2318
5275
408
636
4672
3009
2128
5400
7598
7143
4882
1029
5549
2823
9253
3148
6003
9684
1151
8499
2201
9465
7712
9847
7727
1246
1888
7438
363
3949
7814
2098
1613
1226
65
7563
9354
9290
5556
1733
9959
574
1660
7778
1451
1278
2299
497
7048
9240
6940
2139
4972
9531
1213
6169
3083
3820
1541
8070
759
5662
981
920
8486
5159
9176
6527
1277
503
8188
1443
5671
5954
151
4925
5639
650
1285
8248
401
6772
3233
8731
5464
2982
2330
7332
8203
9061
9925
7329
6324
5254
1159
1908
5635
7980
153
283
5502
3067
7604
6930
8453
527
4739
8960
4400
8635
9935
5044
3918
9721
9313
3656
406
2578
6276
1060
2299
512
2099
2333
1928
4187
9598
8375
2341
2165
9004
3916
1340
3312
1743
7107
2353
1333
6842
4524
9618
6175
3594
8354
4631
9180
5272
4385
3070
862
4829
3259
2563
3230
2664
6217
2343
7094
3059
3606
2548
954
4092
5849
3045
6448
9533
4984
1309
7474
3593
9456
6446
6108
197
3665
3983
8465
56
4687
8826
7008
8684
2570
1657
1971
9500
2447
3363
9429
7583
2528
1898
1182
2509
2403
9108
5601
8672
8707
7738
4539
4867
4707
5107
1044
157
2549
9734
6305
4466
114
2383
8416
8930
4507
6517
794
8446
3070
922
2701
303
4166
7977
2932
3951
3588
6357
4854
7515
2610
5844
5052
3422
7897
7529
1706
2709
2448
9183
1850
3299
5220
8316
7186
8872
2165
9359
8308
8082
6506
3506
3851
2592
8190
9048
7843
1589
3661
7590
5519
1905
9267
4149
6753
8028
2975
3261
7770
6111
5548
2693
2966
2423
5482
9099
7038
5095
4258
8643
2821
8674
5124
6173
6603
3400
3411
6756
8978
578
8866
1787
8962
7649
9828
5641
6121
8524
6505
9682
7123
6404
9612
4463
9583
7274
1509
7745
8022
2948
3216
8854
4035
4321
1086
86
5422
438
2200
1464
2696
6052
7607
3458
7085
2646
9805
4130
2104
5368
4283
2989
6971
4604
5803
6868
1541
6155
7434
8389
5229
3384
9512
3058
3536
7745
9094
1619
1511
4136
2012
7507
8125
7341
1210
6044
981
5997
621
6776
7065
2358
8934
2558
5433
3002
1612
3153
4093
3842
6918
1531
1703
4792
5697
2254
6911
4202
6515
9284
2434
7153
8130
2210
1606
7100
7898
8271
8205
3607
8371
7033
5623
1700
2896
7985
7130
1465
7937
2345
839
9317
4891
893
2626
8019
3793
9002
6136
4311
5725
2845
4876
3696
5214
5455
3839
225
7404
9948
1325
2238
8495
4539
1365
6569
4839
8712
5167
9413
9268
5449
6514
8751
1301
7839
7197
134
8562
6438
7701
5837
4041
5792
1294
8836
7548
3559
4212
5283
3217
1092
6632
1842
2656
8840
8911
250
1125
2213
4734
4754
3873
2660
3363
7288
717
2350
6606
3331
519
8191
4823
7728
105
4339
3087
4314
1604
3172
4318
7320
6122
8815
3838
5773
7772
2963
525
1625
3870
6660
663
6967
4929
6111
7611
2411
5492
7378
8441
5573
6571
4788
9446
9508
7477
7592
2767
6485
4160
2513
4938
794
5132
1809
9328
7513
2304
847
9313
6878
6050
4766
7263
8921
8949
6496
9989
5872
5352
6884
5502
8507
6334
7769
6953
7583
9911
2364
2382
248
7289
6138
1507
7559
1709
9595
5340
9907
2112
8555
9112
3702
6504
3398
4563
7502
3762
3398
4892
2247
3131
7347
8506
2937
5400
4339
6585
4335
7278
847
9177
7413
6989
9946
191
808
1331
3120
3785
2093
924
5187
8133
142
6112
8624
39
3572
6026
9984
210
6323
7054
3249
5975
6273
898
616
4186
2736
7932
9093
5580
839
6177
1155
1713
5117
9421
6644
1229
4664
1888
2864
6481
8997
5642
6604
6137
7361
7925
6596
2672
4595
2665
6793
2443
8479
2824
2267
6872
2716
7105
9480
7112
4330
9654
3506
4630
2713
6785
9946
2326
1807
4232
7167
7765
6831
5102
1266
6190
8215
7390
6132
6225
217
6294
8030
296
7924
3695
9072
9609
2087
6021
1951
4190
5092
1204
6152
6521
3105
1923
2192
1877
9086
3083
269
3014
748
124
101
5245
4028
5534
8101
8130
7879
8136
6307
2340
2128
9964
8829
7845
5226
9779
374
8814
3684
7359
1103
2792
5518
6710
5759
6180
9209
9950
8004
9009
770
7200
44
5335
7751
5559
7154
3743
5868
3135
1405
31
7027
5649
1280
8423
5166
1040
467
9648
2813
8792
7989
3508
1735
8447
7853
8927
4348
364
6398
6903
6613
1999
9512
1570
2925
9432
6385
8188
3220
8299