4981
1778
562
6832
9805
6382
9838
7480
3085
5511
2030
7609
2056
3670
4288
7336
8157
6108
8995
642
2739
3489
766
6273
7573
5648
664
6086
9639
3429
7180
1781
6579
6556
9011
4598
3228
7721
1394
6134
6512
662
4304
5163
1802
2034
3841
2120
7062
5721
484
9013
2066
8291
3052
7757
4626
9392
5060
3963
4253
1407
9034
3183
9612
6938
1129
6365
8754
6632
1606
1584
8711
7916
9641
8336
766
5251
8981
99
887
1096
5837
2545
2201
1386
4101
4324
2106
6332
3975
6938
8175
5671
3759
2916
2740
4639
1168
2844
1768
4829
4417
8381
4072
7277
6729
9814
2304
761
1530
1484
3802
5766
3559
8333
6172
9496
126
6704
6128
1657
7960
7967
9716
1901
3362
2338
1683
2052
4743
3707
8996
6080
8888
1979
5014
2154
5478
608
338
6886
4930
7565
8021
304
4287
2719
7247
5089
9947
3007
6844
8559
2232
5840
2749
2932
5030
809
7149
4447
9821
5441
3872
9082
682
1227
3700
8847
7813
1781
7173
6684
171
5165
5327
930
9818
6351
2099
500
1158
1875
497
5989
4073
6236
9445
6360
9088
9420
5257
5940
9844
4804
8542
1797
5780
4981
8272
538
2673
5732
2400
7359
7971
873
8628
9621
5529
4300
2050
4069
240
2194
130
6044
8192
4867
4243
2821
3103
2387
7055
8381
7626
6527
1647
4874
8567
8838
8137
8161
9561
128
3651
2018
3228
9038
8164
9429
8266
3836
6090
5233
5276
4466
1853
9367
480
9734
6060
5293
5204
687
2058
6325
4888
7641
3387
183
182
6747
4071
6028
3840
4754
3647
5274
5272
7623
1596
9806
7207
4
6414
4346
4308
4826
4173
9180
8045
9246
9239
6025
2981
3617
6131
100
6675
9313
5971
5146
1200
6355
3755
9639
6274
3491
9629
8133
1331
9517
3384
9300
6360
6742
3228
4982
5848
3369
6572
8456
8671
3667
3974
1535
933
3055
2806
4072
9140
4508
1272
4949
4209
2667
8023
8975
8368
8565
6242
7321
2243
6480
4438
3936
1307
1394
8968
3318
7314
238
2267
2285
778
1414
4301
9500
5203
1337
8625
4262
847
2699
4942
310
8965
9495
1214
7041
797
6366
5658
621
1024
2636
7154
409
225
5409
5220
7031
4069
584
9035
4025
7836
4524
9786
7634
1879
3466
9328
3919
3693
3079
5248
5744
2612
8826
2314
4437
8143
6275
9114
9522
5944
1810
1760
1553
2884
2967
4149
7578
4148
9603
4356
342
555
616
5960
9146
5333
271
2223
7666
7097
4783
1119
1384
740
9916
7986
1901
9801
7638
9675
7204
1583
4723
6754
6609
8282
7484
3509
1096
6041
4057
1020
3831
6720
9986
1301
3471
8572
3028
3905
6509
7393
3826
3857
777
5302
6600
3980
3671
4115
1599
4699
7552
4221
1271
2040
4146
8107
431
2252
8640
3595
3692
592
3061
7631
1673
4076
3911
688
608
8984
7931
9819
1069
4583
6680
1634
6899
9401
2225
4078
2925
116
7920
2876
293
1732
4078
5260
5442
3874
700
3694
5239
7732
3179
1227
6929
919
5326
5733
4292
5975
2671
9284
5131
8578
3401
8893
4878
9978
1188
5736
2307
4999
7415
950
8845
5626
5987
663
2652
4039
7402
6200
7228
2754
9292
7870
3195
4146
9470
9638
4703
7204
6330
8453
4327
8101
4279
369
2617
4997
4517
5609
6951
5572
1769
8131
9170
9273
9529
4495
8414
6545
1258
3369
3686
398
7015
1513
3025
3814
9531
6217
8490
5598
6151
4241
8569
4442
8893
6626
9800
4241
7408
6623
4924
5674
4288
7712
4807
4159
2545
864
4324
5609
7184
5001
4576
9987
6581
7534
8005
5838
1164
5322
8096
1475
7247
2275
5838
1805
7266
48
6106
8394
4325
4006
9022
7561
6924
1163
1903
2338
8452
3890
834
1809
5726
9403
6196
3109
2394
5470
1352
4749
7641
2385
6305
9552
5432
375
2168
7516
6161
686
7651
941
5938
8284
7619
8120
905
1476
2179
3488
8387
9829
793
7515
2259
8122
1529
2136
7859
1256
8152
5071
5777
3583
4047
9245
8431
3650
3137
7947
7668
1054
5679
3779
8920
8265
8143
4501
6763
642
3030
1007
5976
8070
1817
5291
6392
8420
6342
2071
93
8832
7513
4988
3849
7244
9721
3665
8229
1712
413
7215
4685
588
3838
7616
7707
4092
6513
3172
5746
6471
7477
5622
4197
3608
1926
4184
7444
2790
6333
9407
7834
9919
4530
4201
2353
4376
6027
7841
7646
232
2899
9935
4463
5538
519
5318
4010
1868
3701
9139
7075
6516
6524
8349
4220
4095
8660
5562
9425
8116
702
6219
9171
3997
712
2011
5961
4956
9768
1426
8599
7838
6358
276
2152
4144
4765
2826
2360
8741
7770
4318
447
4263
2664
617
2101
9558
1123
7863
1534
9586
3096
6772
2040
195
5610
5472
5365
3596
8381
4987
4899
827
9327
2390
8345
5310
36
678
9124
2077
6150
4699
3339
5018
4887
7540
8906
7128
6595
4594
5193
1854
9150
1672
146
3807
9095
8324
7768
9976
2147
888
6236
7270
6564
3237
4793
2576
9281
9788
3987
7626
4225
3934
256
8571
6148
7158
5197
8825
20
2257
5917
7881
2398
7129
9212
1606
952
7996
2345
8913
5540
5905
4198
1827
7092
3382
6762
1369
4628
9293
44
7102
1265
5275
2678
5143
5806
5163
8736
7745
1749
8574
6204
7996
6341
8817
832
2861
3493
9152
4734
9138
2536
2671
4946
2985
7160
13
387
3878
5470
841
7550
9547
5554
1915
713
3602
5513
1905
7801
6946
9918
4687
5212
130
9392
8094
1929
505
1311
6315
5492
3670
1975
3778
1719
6851
5413
8283
7839
129
3855
4068
2547
1757
7328
8729
7862
1823
8276
1393
9336
4639
6860
1222
1531
2213
4942
9613
6706
5127
2351
4964
9220
9055
2174
6975
149
5316
9537
4797
8182
4945
8693
6718
1886
9267
3646
3927
830
702
674
5168
9446
4118
8485
4277
6079
252
8332
1222
1452
4478
4729
5914
4305
7811
251
5450
622
3937
3096
569
613
8908
4173