2671
1966
6908
3144
2903
8012
1851
3497
7810
4795
6859
3776
9385
9330
1532
4235
3319
4531
6314
8971
4437
4264
9373
5619
6627
4102
3813
2290
7080
8770
3424
850
4108
5075
6471
9477
8766
8349
464
3930
2425
5392
5413
3930
4409
2069
4576
519
4919
4809
184
8870
425
8531
193
5521
6695
223
5903
2804
7888
4843
8302
7365
1720
8137
5410
2736
2928
6372
8966
6344
2525
7685
204
8244
7651
5580
9401
9423
1949
6416
9081
9146
5377
3728
3873
5265
1265
8740
5674
8023
4142
7539
248
4795
3219
1851
1148
1610
9182
7437
2119
7232
7744
478
6720
4360
953
323
2778
2347
5148
7289
4745
8888
8453
3120
1962
8257
5719
1644
7146
1589
7699
9121
1094
9892
6322
9055
8777
5520
3493
8949
3338
606
714
7268
2189
1278
4506
9594
3696
1633
3256
8972
3281
3486
6469
7106
2388
4779
9978
5262
6230
312
3902
1307
5061
1780
13
2579
3455
1810
7214
5758
2145
4709
4667
6936
3371
9496
577
1036
6688
887
7313
3301
2535
6653
8541
3691
2671
8589
302
6958
1405
7026
8047
1542
428
9585
8698
5191
798
7789
38
4976
3183
5652
4255
6797
7367
4914
9901
3358
2425
3025
752
5612
5318
7988
6664
2810
4518
3667
2335
399
3329
8620
10
7464
2469
2644
4631
5206
8627
8184
3313
5735
5942
2646
2659
7447
5119
8499
7826
7729
4266
8192
7234
8964
4663
4489
5226
858
8840
4255
6227
6780
7037
3075
8713
9673
8678
7520
2081
7247
6518
5549
1733
1751
662
5638
7866
9770
8041
9251
333
4000
7701
1504
4919
2053
3810
7140
6836
7204
7841
1499
3554
2858
8819
9401
5157
1842
8402
7045
9377
2728
9203
1591
4722
7816
2393
539
2067
4851
9444
805
6644
6159
2885
9386
6370
4073
4616
7085
5999
7122
551
8071
9041
8103
307
4163
8884
3963
9370
7610
7605
4010
2973
7303
9021
3993
9962
7598
5131
9772
1936
919
9101
9185
8088
5351
2193
6572
3838
95
1824
7385
1853
7638
7091
7259
4902
7726
8790
2307
9626
6268
4649
4582
2617
4529
4299
2378
3684
3547
9102
9409
2811
2042
9332
2782
2771
3123
4250
8162
4371
5331
9047
2871
4170
9774
8290
3006
8728
5205
6830
8573
6256
6983
4002
1307
7235
99
2440
3673
2073
4689
792
8585
7849
8621
9486
7651
6804
712
1276
3264
8247
2628
9703
4597
2557
5659
3165
8662
2493
6965
5382
7108
5888
4915
4085
6125
4950
5734
4168
4801
620
9026
3926
6627
4894
6562
9704
486
963
8210
7685
4480
729
643
7470
8937
3960
4887
9597
6863
7805
6204
413
9422
7444
2676
4715
2611
1059
109
3959
831
9548
4339
4769
281
5765
6705
2071
6428
3256
5311
5019
3705
2457
2258
9694
8639
1653
4134
7613
2403
364
4776
4613
5480
1993
206
8572
7771
7281
4018
3588
9343
7605
6251
9142
6755
8008
4565
4608
8591
8825
6282
528
3849
2657
4039
1687
9890
8972
6502
9748
3347
2413
8306
4267
7853
4885
387
7359
1712
9616
581
4960
1000
3213
7791
7744
7822
7519
5566
4378
375
8428
8574
5324
1042
2945
5501
7199
4908
1623
1129
9423
3963
5725
8246
4252
675
9973
627
7054
3644
3093
281
4146
6810
1146
8308
3943
9164
4121
7297
9813
8701
3744
3215
1136
5118
7130
2163
3560
2467
9661
6463
2064
9573
5394
6386
4700
7325
6416
4383
5937
5285
458
3264
5770
2885
2973
6809
1803
125
803
1521
3211
1882
7455
4097
8885
6127
3997
5932
9023
3595
3582
6895
5019
4305
9703
7534
1665
4376
5
4950
8425
2311
3442
525
1881
644
2712
3297
4511
1149
2519
7416
2040
6511
9030
294
5748
4329
3079
8075
4681
4369
4282
5144
5599
64
7896
5124
1576
6802
392
9755
1810
6453
5001
7089
5687
4644
2425
1242
4382
1637
1457
4103
3567
1036
8944
2041
4298
4177
1247
789
8034
2156
6056
2970
440
6656
2693
1854
7880
5957
7842
3765
9863
3704
6404
8660
8534
1607
6638
6594
1049
6361
9776
939
1193
4039
5097
2101
5065
7493
9440
8461
6974
6647
5277
7487
8302
1676
5366
5284
8717
3198
5
2280
9421
468
1731
6402
249
9005
2020
1841
2331
734
7247
7869
1761
2207
5942
6420
1511
2812
8349
3575
8260
7230
2896
5173
6673
8747
4854
6745
8002
1259
4691
2322
4947
8118
3386
3546
4131
5898
1870
9252
3453
5531
5373
9001
7556
756
2754
2310
5728
4525
778
9064
3291
6001
6454
714
4522
9499
3506
9423
4163
3920
5266
7347
4704
9862
2641
6375
4432
4174
9988
6835
5775
146
1888
393
3191
8108
6933
2962
9278
7546
8936
5308
2082
1266
7222
7869
5803
2229
3360
1899
5393
8714
6702
6740
1776
5666
9891
1247
1654
7699
9377
9167
1175
2454
7957
9653
4078
8656
2897
6439
4336
3179
4012
7790
6458
4126
3201
4697
5784
3754
6499
5734
7523
6050
4231
270
4540
7259
2049
3308
2254
4976
4973
356
8515
3935
9788
8238
6645
3866
317
21
4754
5903
3918
4340
6616
4013
1201
9938
6456
7944
2866
3112
2949
7248
9927
2675
838
9862
6599
6986
6473
8395
1343
6676
3416
3576
3621
4257
4054
1555
7596
1873
2855
2700
6664
942
1941
921
3837
72
7041
8249
2671
9115
3879
3167
2005
6889
9514
9319
8078
57
3562
210
3629
6287
4268
526
4388
4262
9349
3153
7476
6307
9246
3162
6873
5629
2018
4277
8986
6484
6259
3557
3663
8575
685
9594
4903
9882
7275
2886
8758
6908
2449
2779
7741
6621
9198
2986
1302
5406
2007
7301
2036
3243
280
6043
6669
8189
5370
3546
4521
1763
483
3124
1029
5528
1589
2590
2467
7949
634
4311
921
6578
4375
4807
2098
8605
2549
2874
8776
1977
1637
4388
2262
3635
7803
3344
2226
8176
5837
5875
2346
6856
5732
6437
3988
2572
8238
9861
6054
6792
7104
9460
2722
8677
6735
5741
4214
6389