6007
4553
3223
174
9604
4242
6551
9485
7091
3669
2611
5937
7515
1394
3621
3566
9226
3236
3561
1782
5386
5778
8623
8444
220
8606
6596
2838
5667
6515
1907
7679
6327
5487
7672
9757
4628
8108
3952
1026
2737
5791
2547
3225
527
9065
4239
5403
2933
640
2783
2382
4819
4652
9714
3929
84
3002
718
2491
7391
7135
6469
56
5533
7013
8469
5215
4844
5132
3723
4930
326
7584
6133
6303
419
8536
2860
820
4766
6066
9538
4527
9059
9707
3622
7863
1730
2599
8220
3212
7472
8481
6411
1247
9756
2835
8385
6830
5444
2324
8820
8382
1952
4558
3140
3575
6072
2352
4053
2314
3840
2005
528
3226
3275
5919
7258
9778
8674
6330
8423
1217
6320
6185
4354
8166
7892
4392
7267
2435
681
763
2631
6555
4396
4602
2440
9272
4868
2399
8213
5748
5815
9474
6234
7914
6068
9636
9003
8121
9497
635
900
7121
2973
223
3787
4346
9044
4093
5640
2751
8909
1983
3224
2876
2199
6747
3013
694
5193
2019
5497
1225
9311
6867
5922
8480
8978
1503
9220
9350
9792
2409
2112
7549
8033
8804
8620
6191
3039
868
9967
284
76
8594
5821
4596
704
3990
7822
6645
801
353
9669
6514
6900
7335
3005
658
8892
2484
1261
3178
4213
2414
4049
1807
6478
8203
594
3430
5075
2103
2274
719
1931
9383
8109
9370
3334
7534
6937
7520
7743
6746
7050
7295
3022
4602
8287
2432
2284
5489
7720
1095
1749
7319
7799
3159
8681
4096
9313
4509
6352
7269
4629
2773
2327
4608
2241
2992
7229
7921
9783
8835
694
362
3372
5238
4668
4663
3187
8337
8215
6274
4667
3595
4053
3405
3639
1394
4346
8450
5772
1017
4608
3568
416
7745
4929
4728
2207
8574
7276
2636
7468
3100
9683
8116
8089
1902
6298
1333
9541
707
1157
1880
3728
8096
6993
8436
6322
5277
4036
6454
7454
5764
1779
6832
2201
8974
902
2551
3622
4358
1038
9633
3526
609
601
5693
4782
6271
2988
2506
4930
687
8249
4941
7981
8973
1384
3704
9870
1581
4694
8426
7243
2688
6607
4847
9411
9219
9521
1153
3900
5076
7685
6817
7633
5407
2422
3364
9169
2177
7984
7036
6527
1144
8791
2506
4205
9502
5901
8044
422
66
8783
686
6987
5004
5027
2804
5282
1733
8191
4582
3558
5688
1543
363
7668
8891
4387
5053
3387
825
925
5592
6556
4320
2465
169
6096
9456
6720
3902
4397
8398
2390
3371
2162
2069
7545
8502
4343
1438
9434
1311
8595
9365
547
2772
2323
3140
8340
2976
8757
6841
8476
9157
5426
1381
4222
6631
3650
6915
9661
5326
1393
6795
2403
3274
2740
4232
7473
5987
7536
3697
6078
2278
5088
9041
7918
3669
2266
1333
4874
8252
449
7618
1806
1260
2110
8362
3354
2225
90
9921
5924
5620
461
4810
1345
1057
4920
5808
8838
4353
5197
2193
5993
6808
6037
1606
6187
2224
1699
2772
1671
3498
3009
948
7950
1081
5880
8856
3005
8888
4282
4501
9764
4624
7122
8748
7636
8179
4406
8899
7460
2200
5829
5421
9962
4961
9350
2863
9038
5963
4920
5244
1609
7857
4164
5777
6741
6422
7028
4038
9325
7127
6073
2398
8396
5895
684
8988
2958
961
4489
3294
4292
65
7674
7041
7215
8624
5113
8370
9054
4445
2393
5284
6416
1285
3906
5514
1562
446
9392
8619
507
4971
1834
8425
860
4553
3555
8605
7338
3954
9966
3453
3207
1588
9937
4853
5846
8955
7954
9101
1813
1259
1760
5092
5062
7047
9246
903
2661
5602
2789
4611
6419
6453
2928
6421
580
5421
3454
636
5256
6470
6624
7590
9182
1356
2131
4592
141
4851
9358
6411
9439
6385
6158
3792
2027
9680
6865
5584
2208
6035
6322
9410
6487
4127
4270
5829
4899
4301
4114
1851
4041
9874
1387
8093
7384
222
3582
889
9973
1009
9187
2431
2601
817
3198
3139
829
8652
9065
740
7779
6446
7384
1363
9751
286
8805
1250
6704
4861
1445
1662
922
1781
2899
4751
1881
1771
1833
3072
8435
4709
5489
5545
2398
6357
4690
2338
2584
2187
4931
4076
7804
3022
4836
4891
4439
2581
5087
3612
1634
465
4436
8733
856
68
3533
3202
6835
992
7244
3234
5880
3192
7958
6290
6168
9840
9331
8997
4973
6510
5244
2587
5218
6910
6595
5828
2166
9909
3067
3658
8350
1692
33
1115
7140
7934
455
4285
8034
6924
4444
5626
9346
9687
25
5183
1226
2625
8982
709
1601
7325
4794
2739
3801
2079
2595
2128
9899
1141
7620
2787
5336
1698
7962
2574
4741
9588
1269
458
7873
6841
5980
5148
7232
8132
4894
5394
2434
3291
122
9283
2262
8544
7150
6913
8750
5349
8148
2956
8057
826
5675
7688
5807
1814
2946
8054
7385
3010
5290
5190
1875
2529
8021
6238
1242
4786
4004
1805
5441
8014
1349
8096
6875
274
2334
5711
3757
30
956
6025
6759
8446
9671
8593
3663
4869
6450
1159
4426
4820
5770
6563
627
2297
4815
5903
7555
9531
5945
953
2164
4639
4970
3514
7658
1157
1877
9621
1637
9310
5013
5603
4804
2417
8751
6792
7875
2746
3862
2243
9235
5028
1098
2712
7227
6075
1083
4236
9897
9643
9919
4122
2580
9183
4887
1454
7090
5033
8691
6504
4158
4604
4660
8098
947
5597
2240
1737
5434
9148
1901
628
9671
759
752
9801
7326
735
6085
9341
1712
2430
7712
5749
8136
3919
5453
606
7890
6640
3531
9916
6113
2969
7564
256
1296
3466
2963
3392
4711
5447
1948
6698
9810
5481
5359
6181
1621
713
5444
2381
1627
1025
5312
3105
5160
6530
29
2031
8506
10000
5029
4923
9971
630
2483
2868
3960
7643
8464
3416
7998
4342
5208
2314
4841
9998
6690
971
2624
5892
1852
3538
4275
2766
6437
1507
22
5763
6133
8937
1224
7468
5142
7667
3204
6705
8989
2930
5427
9247
5645
605
7470
5604
9907
3791
9001
300
5769
6582
5380
2793
1128
5236
8702
6113
4090
5082
892
8684
6726
9285
8794
8501
775
6250
8589
8760
4617
2868
5536
4291
5408
5915
684
6815
9837
3978
5078
8200
2014
1605
3951
8040
5555
5940
5381
1244
8729
2314
6948
6087
4407
3810
3942
5638
5968
4813
2248
4287
742
8211
9538
5096
3180
6809
2012
609
8027
4796
6468
321
9445
4754
3409
5981
9592
2770
1113
6454
1388
6789
995
1073
5787
4928
5220
6626
7896
6895
7128
1712
339
2767
4892
5737
6452
8726
8053
1313
2898
8842
5900
7928
1210
1281
9416
634
9423
4657
5273
4554
2047
2845
6930
9663
5176
9305
9184
3442
6988
6315
7768
8925
3591
2703
8064
6866
8295
4040
8304
526
9358
697
3935
3301
8900
2901
961
2337
5089
4255
3221
4767
5470
544
5095
1093
2902
8056
15
7428
1587
2959
2259
3805
7549
2829
8859
7370
1869
4989
2036
9508
8991
9818
387
4225
9001
5223
4981
2736
3946
1366
80
3648
7147
9216
2943
8892
7948
3188
6951
873
8426
210
7009
130
7347
7530
169
1605
1500
8872
8799
7591
6047
7265
5273
4052
3041
9000
2393
2560
4565
2615
9654
4540
3592
9682
7339
2689
7189
7122
7720
5174
2061
8697
518
8083
6317
2457
1900
1092
3861
5509
6711
9111
2762
4419
6781
9649
2050
6168
6455
4144
2012
3757
8542
6189
5191
1458
9630
1806
8670
6428
6916
7251
6867
2537
3062
9059
1573
3137
2454
4123
8352
6683
5100
437
8968
8939
429
7313
9103
8035
1161
6901
693
2455
5169
113
2296
6033
532
1691
8194
1838
291
6799
467
7196
3930
8475
1352
2972
6051
8094
4799
1931
3667
3613
5119
491
6318
1653
8932
5351
929
3494
2134
1227
8524
7295
1364
9540
6459
5581
4840
174
5037
9992
8233
7591
9386
3451
6355
5019
3485
4050
517
8875
6990
6721
5465
5700
9567
207
5458
7822
1241
8478
5388
2081
8178
864
3452
3218
6622
5458
7794
250
3894
4120
7909
8720
816
4337
2083
8154
2604
7681
1749
9031
8836
2950
6592
1995
671
7854
9372
7756
6109
625
5064
9260
210
2020
425
956
1669
6048
9157
4896
37
1017
4689
4145
3805
1601
3861
7692
1848
5107
65
4679
8417
4169
3998
3216
4508
7352
5074
7433
1315
5010
6022
1993
73
2673
5537
3762
5310
4945
2461
9490
8847
5713
6836
3693
8538
7866
8124
1111
1216
2732
3811
5055
6416
4618
7701
8651
953
6914
9423
4688
6089
1206
4147
1513
1451
6344
266
7772
9806
9019
10
6314
6184
1715
2162
1861
3324
7899
2004
5301
7885
401
3282
9748
2443
5283
9826
3997
4585
8164
4910
5014
5000
8031
6702
7892
503
7064
9032
6097
3235
9030
6158
6129
4081
1753
584
1566
5872
4985
6128
7389
3325
8375
1332
7380
8885
2648
5108
9036
9368
9621
9387
1705
3068
8134
5240
2156
3014
3872
6951
7193
4469
6535
390
9440
9050
3920
9426
3570
5059
4583
4144
652
3484
2008
9863
3780
7731
9719
2552
803
7967
1712
5750
3913
8342
8272
5110
4849
3565
9712
2684
3969
2380
4078
841
7331
2469
312
5659
9313
5873
6778
4509
144
7587
6030
7946
9815
5426
7221
5759
8869
2560
5869
4993
9287
4986
8874
1588
3416
6326
4260
6756
2127
5681
5983
3337
9693
5020
3063
2923
8999
9160
7816
2436
2871
8700
5447
472
4170
2898
1374
429
9081
7807
5146
1688
1465
4925
772
3064
4089
8671
8468
5296
2303
9648
9389
4392
7447
4665
4859
143
7568
7691
1883
6856
2004
5649
3790
266
4499
6768
9427
9251
8111
3406
2341
299
3241
4731
5146
4073
2503
1025
7134
2858
6902
230
9045
6894
9563
4919
3208
5462
7244
8555
4673
5507
5138
6821
6161
6340
3413
8754
5107
1896
7197
2463
8798
9378
1274
634
7633
909
1279
2125
8092
724
8059
400
7880
3030
4898
4498
1132
5461
8692
8787
5563
7820
172
6139
7357
8548
3778
5504
6319
2214
9269
4550
6020
2255
6985
7219
8587
2029
233
6019
2641
8566
3782
2513
3509
6116
2337
7061
778
2784
3097
3826
6309
2944
8843
9598
407
9615
4318
9444
2652
7001
246
4456
5834
7315
5294
2143
5282
7982
8430
6329
3978
788
935
1354
8182
2160
1079
3474
1645
4263
9164
4577
1369
6023
7690
8849
2240
7495
6491
8821
5746
6522
2875
5627
3036
9630
118
8065
6174
8947
8461
3448
3424
5638
5634
6081
3485
1366
3590
7136
433
4180
7548
4376
2297
3017
8228
887
7769
8907
2531
5560
1054
2032
1057
8847
1234
6021
1433
7051
9663
6615
9195
5067
5747
3141
9141
4854
7878
2224
9189
6620
5961
8072
975
3882
2346
3842
7860
8742
2418
3829
670
9582
1459
6580
942
3435
6159
1917
4858
227
3097
7424
341
7159
5395
7833
647
6522
7862
6795
1356
1554
1374
7366
6130
120
7118
5654
2840
4421
4254
7528
1752
130
5286
4661
2467
7685
4451
1528
5395
9179
4786
2111
3330
4560
3566
2152
8431
4235
1323
2548
2609
1366
1658
7297
8743
6351
9873
6325
7842
2048
4628
9794
7923
5842
1235
6822
3186
8121
7413
6205
5002
1975
2687
3991
9510
222
587
7512
5269
2479
3939
6374
2325
997
6406
2921
3794
2767
4676
2215
8299
9288
4920
481
3131
7877
4081
1984
880
798
1952
5961
9785
4746
4559
2766
4036
3661
4086
4161
1293
7225
8152
5221
9983
9746
1305
5368
2807
7026
582
636
5050
240
8023
8111
4360
6476
1054
2767
8774
5336
419
4638
7016
2315
8089
4153
2033
2603
629
4089
999
9096
1130
9566
80
2138
8839
2145
2704
6335
4350
4231
8338
4554
2544
5761
1901
3892
2772
4711
6621
4764
1237
7813
1
4301
1633
7035
1699
2174
94
8878
4661
4348
9071
8289
9135
5529
6671
6388
3438
9308
4941
3215
3216
4664
2613
5159
9315
4381
827
7616
5414
1366
1608
7805
256
2542
1713
6298
7617
4908
8304
8218
1602
1290
5139
4120
7039
9013
9455
2729
1959
4127
7102
4546
134
8471
7914
8881
303
751
5955
5151
2438
5655
4813
2345
3256
9000
9903
4346
4694
7866
7807
6302
6781
3318
9392
6162
6993
7755
1619
8677
1494
5473
2237
6649
5921
8294
5849
1279
2040
7974
9266
7518
2563
7998
4563
7573
597
3706
4889
5144
385
2790
3717
6793
4807
3899
4245
9719
2615
3395
2949
681
7216
3278
8588
2767
687
477
1756
104
8736
3976
3618
9755
7910
4196
2328
1955
5090
1183
7606
3420
39
9078
8223
1349
1593
747
9065
6278
6186
5636
1074
2310
825
6898
6596
2464
4971
4251
5650
6308
820
3848
5320
2867
8490
4212
699
6420
289
5155
3089
2705
1605
8701
2677
5222
4995
8226
3012
9206
5459
5115
3540
6545
7
7481
7446
9129
5742
3458
2109
3493
4675
3535
5405
4850
823
6012
5466
4926
5077
7677
3832
1629
7810
2432
5250
161
8817
4415
5267
5064
2525
6697
9155
6864
2528
5612
671
4054
8130
9784
2064
4003
2403
6408
873
13
4446
9180
9027
7003
6006
1555
9312
9400
7172
2139
6364
6417
9356
7382
3978
7378
1189
4981
2604
697
5234
7776
8826
3822
9264
196
4242
592
6844
4023
8007
729
6448
2878
6823
9124
2893
7782
288
3325
655
1159
1252
8326
4094
5032
625
8721
9229
9713
4888
9875
1009
7916
8757
266
5660
2274
250
8562
7132
8044
1639
3496
7021
4121
1735
5926
2004
8807
6566
101
9995
900
5562
5973
376
4039
5501
342
7883
9689
4408
7057
2153
4201
642
9744
4937
5514
6847
4118
3850
9590
5382
4027
6556
9645
8278
6077
9012
8039
2287
4127
8814
7472
359
989
1576
3171
8469
2186
802
7996
9760
9456
946
3746
1008
54
7025
308
3641
485
608
4912
2141
9304
3196
1782
4552
3260
9290
1830
7556
4281
3834
7271
9091
9402
6864
1851
4025
5476
4510
6435
3224
5985
6371
1304
3103
1357
897
4019
7518
5022
1888
302
5909
9251
3467
3900
9416
9923
5418
3515
7393
8741
3748
2081
8862
3213
9571
309
7267
2040
3737
4933
1579
4968
1820
701
6111
6760
9591
4056
7659
2532
6344
2950
4257
9066
5474
4027
6611
1516
2902
8553
4909
7087
6567
2851
5882
7062
265
728
8639
1696
777
9754
2720
4310
7978
7076
2126
1721
685
5372
5628
6980
1622
9168
2970
7338
5832
4137
1161
8159
3406
1284
4702
4591
580
4877
767
3980
3556
6929
8199
5691
9304
9227
2484
241
712
1502
8667
8112
6287
8698
6107
2022
8452
1080
6848
4843
6127
4272
5747
2953
721
8785
7792
7180
7710
1424
5427
7612
1286
3289
194
1956
5920
6233
8471
6348
3546
102
5367
3356
1401
7059
8890
5529
6090
1390
2840
808
4619
2696
9633
5052
2470
6859
7870
2627
2340
6637
6646
9578
3432
8559
4735
8409
8402
2405
3120
2188
5574
5268
9813
9645
6919
8505
2931
3568
5444
7678
7479
2360
9874
1820
7055
4427
2641
7651
248
8999
1235
8748
8394
1297
5438
4318
2904
4097
8701
5113
2081
5360
8729
7943
5117
4762
3258
9099
7484
7399
8717
1620
8936
8599
8000
5622
6030
8341
2077
178
3853
3297
8167
4061
2204
9327
9883
7251
233
5360
4758
736
8250
9128
8013
8143
2309
2522
5653
7191
3543
2501
2797
6536
4920
3616
9519
7747
4493
3962
7055
9907
3333
7504
9183
7914
6833
9643
8460
3425
4329
7724
2241
7027
555
7580
8938
9752
5527
5497
7223
1494
9063
5417
4858
2730
8739
2189
5966
3214
776
5540
3506
3378
5257
34
240
5653
7081
6900
5782
8872
6607
1744
4033
9589
6905
6446
4604
5355
4819
4473
5796
1547
4802
3598
369
9215
5286
9881
9015
4818
6008
7561
4424
1584
7558
4576
884
1454
2026
920
4939
9530
9377
3571
2829
8459
3460
2764
857
9093
5705
1097
9406
6982
8901
9279
1787
8866
2318
2564
1033
6090
6438
8247
5930
998
4270
323
6154
9309
5308
3847
9125
539
8666
7945
7844
1825
1049
9741
4593
4954
1455
7391
8957
4917
1515
8269
4205
308
6195
3329
6716
2005
3125
5871
8935
8207
9994
9170
8353
4298
3671
91
1520
1079
291
7848
931
308
1176
4089
4456
1583
4752
2721
5950
9496
6983
5985
6317
8588
2849
8934
6619
2948
8422
3064
4884
3048
8298
4992
4577
1049
9710
2838
6042
573
9367
429
3946
6584
228
4287
9929
5356
6259
8510
5724
8339
2355
6293
9949
5956
8053
97
4984
3312
8544
746
9031
160
7053
9598
5977
4918
9995
1102
4660
7673
2045
492
325
3213
6749
9807
7383
2974
2173
3630
9066
8349
5933
2370
2738
6042
9660
934
2118
5995
9703
5846
6628
83
4997
3932
8484
7182
2300
3090
4825
3970
5243
4498
4013
6490
5370
6780
3363
5800
3125
8326
336
3369
7443
8497
6942
5407
6017
7491
6246
7142
5304
5023
9172
7274
9644
6471
259
1498
6449
3001
910
7709
3795
9175
28
291
1458
9276
6706
3893
4116
7722
8729
22
5845
1948
3315
9809
9161
2463
2094
2715
1432
152
2682
1603
9553
5053
4836
2734
9861
6597
9610
3575
8265
4893
3539
9373
2617
2479
9341
4201
5310
748
4766
933
3672
3830
4644
4856
4979
7505
3744
3022
3432
6799
1960
8673
8224
3788
7020
1889
4528
7534
7181
1798
4832
8494
3922
8409
638
1561
2841
849
9039
8947
2806
583
1301
3157
3366
8310
7660
8727
3389
6644
8621
125
2867
6021
1897
5581
2332
8399
3918
3209
8008
9278
2643
1191
8874
6494
4566
4267
5843
7903
3109
9126
1821
3597
6385
9650
4094
9726
9403
8775
3184
8072
8146
1274
2477
8361
1253
9043
294
9033
4763
6512
9133
6866
1011
3201
2835
1733
9743
1904
2426
2630
885
2855
7423
8022
133
6426
6685
3815
1381
1619
4163
6242
394
9994
2817
1116
2649
2413
1751
4415
5652
7309
3819
882
1061
7474
4487
1517
9375
849
5300
4964
1239
5764
8637
4808
8755
6387
1450
9009
7049
5383
7103
4840
7497
4555
3458
7428
4103
9596
4595
351
3775
5112
4118
2235
8067
5570
5783
9102
9368
2969
6943
8477
3904
7131
4424
3880
980
8541
8061
5071
4840
9589
1267
4729
7139
6865
6445
8776
4529
9037
5370
8053
9960
7208
6326
4752
7871
4596
6392
8792
6085
2744
5337
7769
1208
6318
7820
7600
3031
8796
2222
8243
5331
6432
3617
6130
9544
2851
6344
5648
6182
5770
4195
1318
9684
2819
5401
7916
4594
8462
7996
251
9895
6860
6469
5236
9206
4600
5374
4713
1063
3724
2146
6446
337
2429
7556
1064
9351
2185
1928
6770
6840
6732
4365
2979
8159
5331
4590
144
436
9342
4273
2089
6468
6298
7640
6261
9885
2660
8505
2687
7076
6961
9972
6875
9533
4675
51
1316
514
689
9272
8566
9807
6879
3832
9133
3997
3337
4104
165
8474
7442
4588
5015
4406
3845
1660
8980
9436
8258
6772
1450
3004
8583
7774
8940
3352
2707
9206
8385
982
2042
67
6085
4799
1038
5602
561
4258
4625
7814
9730
2916
1054
2124
77
9422
5789
2971
467
8557
8853
5526
6930
2807
1986
590
2054
9172
5038
7713
8278
5511
4542
2201
4499
4925
218
3091
8659
8213
2585
9607
232
4261
2572
3521
9470
9764
818
2912
8430
871
9732
6281
6593
3250
9536
963
6804
9941
8147
1566
7312
2367
9690
3894
6619
2960
885
8224
2077
8622
5148
54
5791
7200
1620
1906
4986
2175
5028
4603
7137
4702
355
8603
510
9065
8724
6733
3508
9422
3062
18
9978
4317
6453
8251
4337
400
3838
989
4421
8942
3515
3782
4389
182
3999
2520
5200
6102
2339
7938
308
4002
6111
4945
6430
6727
1359
713
2437
4667
1489
7529
6589
8908
3921
8356
5357
3939
6514
6569
3773
6738
5870
4475
4286
7475
1923
8641
5805
2467
2352
8456
2444
5521
7558
6911
7915
7006
7664
3842
3421
8006
8233
1108
4522
3335
1828
3602
3839
3447
3321
7486
1012
3290
4399
5412
1582
6316
87
6580
3932
4616
2353
8039
7721
8527
6322
7032
3750
7003
8528
4521
2122
1193
2615
2931
7522
917
1944
7114
6336
6649
4406
3033
3190
6060
843
10
300
3887
2605
1435
7466
9451
8867
7089
905
5903
7477
3775
5346
2249
755
9684
5226
434
254
1257
7161
799
9235
7455
6853
2481
3135
8962
9891
2107
7836
7496
753
2519
445
2027
2419
4029
5729
857
8563
8283
4209
3477
1474
5755
3564
4243
5424
1696
422
3929
7338
8227
6499
6032
7374
6141
4195
296
6464
3226
4355
6740
1056
1828
2676
4884
244
1537
1551
3721
4422
9446
4725
7820
6515
7775
7779
3583
1103
1236
1527
4089
622
8609
2583
8299
6165
1368
8223
5008
9844
2193
2879
7135
5613
9768
3804
2917
4953
4757
1435
754
4954
5350
121
4899
8868
3697
9767
3950
8399
5268
7311
8208
2947
2347
7760
1291
5698
2670
868
6874
284
1757
2990
8215
4984
6595
434
8427
352
3484
1382
844
6162
8722
4526
6222
5829
348
4427
9284
4871
5479
5486
3973
3189
3262
9074
5646
825
9339
3708
8953
7231
6803
1948
1570
1307
1075
8558
311
3551
3989
6108
8034
9541
5641
5272
5812
1288
1301
2667
1801
8324
4644
2289
6731
8417
468
5235
863
9822
8339
9768
3120
2986
259
8177
7061
9358
3687
4400
3915
6344
6985
9774
6019
5163
9145
5013
2329
5757
5417
8377
3984
1886
5702
4328
2280
6773
1302
8076
6133
1775
1467
4283
4420
2692
8574
8497
6489
1823
9868
3918
6090
7544
7566
5280
2939
2036
7193
6313
1561
5005
8353
9282
2470
5974
5869
2740
7637
4236
3881
7236
1217
7802
5709
5364
1705
1393
6167
793
2480
8489
6469
9594
3293
2286
178
9016
5025
3722
3166
6197
4897
4196
2820
2928
3999
721
4644
7654
2654
9434
1056
6076
2937
7422
8092
7897
8713
4531
2616
5645
684
6953
5688
559
3247
1001
6880
3186
644
7641
1502
4195
7470
9963
3751
6896
9879
1901
8468
2202
4525
2521
8175
9534
241
9396
1084
9802
1026
5567
4854
9804
5611
9803
2712
2565
499
4875
8545
2881
9871
6099
4373
5827
2721
8648
7375
3385
3075
8810
258
4068
8637
1949
1354
9685
8180
644
9888
9922
719
6363
2486
3262
4720
7251
3308
3999
3971
2166
1089
7769
4129
7270
800
9073
9451
3011
409
9021
300
7366
810
9326
5937
6072
1318
7134
6273
8856
2093
3500
115
1496
6805
7252
8705
6134
8324
7008
5120
7567
808
4506
767
1449
5255
727
4274
6950
6155
8074
8831
9492
2385
9098
2094
4315
4646
9013
1884
5742
1157
6023
9217
6207
4848
3824
6162
7655
4303
3428
4427
5496
8696
4798
7927
4386
7051
2698
8081
3003
5289
2353
9943
883
7961
7241
1798
6430
197
864
9393
6913
2459
8889
255
4877
6623
774
8484
9541
8531
1530
2996
8882
6791
4501
8412
3492
9843
1478
5107
3128
1502
5168
8742
9696
5557
7961
6175
9093
2440
4749
5496
1250
5229
8584
878
4229
9220
4978
7
6106
3843
4743
601
983
9350
9968
4231
6951
2731
1325
8703
9200
4742
4210
6030
4668
7199
261
7848
6975
4534
1099
5749
2813
3515
8183
9204
3257
1783
6222
2961
9755
8818
1065
9670
4931
5083
691
5145
9579
8692
6111
1676
1466
9003
9428
391
8379
7997
263
6419
5121
7384
42
1360
4231
1373
2820
9137
3812
1496
2260
6645
898
5390
6667
1937
7588
3082
2363
7482
2385
9968
4117
7509
5035
3719
7113
7723
5815
5135
4404
2200
8021
9931
9047
4075
6389
8872
4232
6399
6297
5380
8047
5271
6079
1714
9852
2547
8632
2337
4889
3237
5318
2547
4028
6492
3467
6514
3511
3841
1233
9160
6712
3800
2085
360
1930
1371
1079
8222
2036
4275
1449
3690
8024
7655
958
2175
8605
8002
7450
6230
7287
4425
625
5759
8278
228
2499
1702
4951
4353
1882
1517
9991
4956
4585
4591
8194
1293
3248
6622
6412
589
4478
4160
3056
1692
9304
1557
7355
7565
8415
5128
8001
763
6726
2582
5233
315
386
1792
3151
1175
3185
5957
8866
9468
6025
2623
3106
7314
2151
2046
3001
2295
5995
5046
8148
5419
5245
2809
9555
8629
8743
3348
1945
1669
7302
8955
2680
597
9433
2727
580
5533
4419
4807
3694
4896
7139
7663
8752
6484
9833
8084
7525
3540
9857
9173
8881
2202
8563
1840
7012
3814
3876
7939
8685
7601
2643
6858
9187
6492
4246
349
2396
4146
1530
2126
3198
4828
7647
6235
4026
9114
9347
7148
928
2897
6174
2402
3450
5370
4587
9729
4258
5443
4211
4555
695
9089
923
1970
3538
6647
6472
9408
51
3516
3345
6436
6331
4600
7360
390
8467
2304
3140
6942
7728
8984
1780
3719
5952
7455
816
9162
228
2159
1277
9046
3549
1704
6582
8916
9454
9637
3818
945
8440
3422
6492
3515
2734
7616
4521
4453
8537
3564
1880
8417
9129
2187
7275
1165
793
5267
5917
979
7077
2762
9624
5133
9693
8161
3640
9686
2054
5344
1869
5985
9976
5283
498
9278
4030
1538
6723
2906
3962
2163
7046
9166
2867
353
3614
6215
6052
8753
463
1892
9180
882
5626
810
9495
8821
5518
4328
1260
5919
7596
4457
2173
6944
3602
300
7806
3159
3814
349
882
6574
4115
8429
1522
1067
417
3979
4181
574
4237
1631
9816
4587
7823
8968
1133
3451
2247
9167
4058
6427
2721
8154
9967
3574
7297
4712
6953
4239
6171
2153
5984
8482
2842
8921
5740
2557
4937
1977
6771
3909
6440
4800
8817
4059
8248
8370
3959
9480
4682
173
5941
9293
2449
8665
1866
5472
4178
5811
1939
3299
5723
5812
7938
9009
880
9411
8032
2763
4397
2035
9286
7441
7657
6
151
8541
6243
9245
4386
6087
9859
164
277
6505
4299
4903
2510
9623
7249
9845
4452
5069
9655
202
6328
1063
247
1660
7002
3272
9917
9745
9664
1558
8065
7028
7945
6031
8752
7773
9611
7449
3790
9579
7089
8699
5471
7452
9502
1830
8529
9588
4244
2326
7266
101
6551
8197
3043
7140
3336
750
4510
4559
8428
7180
9849
7401
8640
1973
7965
2366
6744
9696
5276
9009
1738
4538
1288
3460
9295
9239
3446
1794
3229
2814
513
4216
4673
8882
9639
4876
5130
5357
2829
6099
2377
1676
4641
9134
4411
3022
5327
8106
7694
8172
922
152
1100
6484
8769
5456
9978
198
9156
5090
3607
1521
7695
9640
5170
7262
2180
6744
2045
2342
942
1387
8739
5059
7106
7602
5751
5454
7835
5041
6068
4863
5557
3917
1179
9446
6147
4712
4506
4320
7347
9647
5238
4588
5404
4495
7061
2920
2525
3786
4574
3092
378
1547
2732
304
8517
2366
3830
8054
290
7715
2451
7469
2761
6085
6327
2193
3861
7452
3287
5424
359
2673
5541
1867
8717
9317
8742
4603
675
7072
5833
6377
222
314
1598
5918
8653
2049
2536
8058
9939
7558
653
4638
1445
1207
2397
2645
271
354
7112
5082
2875
9106
8342
7117
415
7836
1519
5474
1893
3464
5335
5507
1795
6105
783
234
8918
4829
5921
2973
6764
3945
7931
5019
9185
4219
3835
9426
7589
3451
4900
6762
5578
428
7322
1377
4414
71
9778
8774
4674
6315
9591
4217
1374
8388
243
1328
1039
2451
1911
1223
8453
6279
8688
8265
6617
7647
3419
629
3583
627
1981
8251
1517
8606
6368
2201
4149
9050
5206
6667
677
9317
6752
9870
9579
6106
1687
4511
8530
7854
2196
7566
881
8224
4190
543
2131
8615
6957
3981
7431
8055
8781
6042
4184
2524
6111
6826
5459
8470
4133
3747
5408
2746
5218
252
8804
2194
7247
5282
8705
8206
5979
2277
2927
7145
7293
1299
352
8565
732
7826
7350
2185
7471
8805
788
1872
8400
9478
8386
7814
1087
1567
6598
7508
2620
2124
1985
8609
4061
2516
830
9974
9647
8206
6568
7806
4492
5571
4967
231
4111
8331
7456
5519
2889
8911
7535
4972
8046
332
7815
5648
4297
3163
2905
6417
2782
3087
686
7006
9113
9881
9773
3946
4651
6682
1148
8769
9765
9648
5389
2690
9767
6935
325
6085
962
4929
6284
7472
949
7962
6236
8221
8928
7178
9405
4643
5259
7697
3873
9689
2498
1513
757
6507
2198
6243
5229
5307
6480
3069
4916
1559
7013
34
4625
4306
1033
727
2934
4062
5631
8171
3935
6890
4323
9298
4036
7358
2482
5379
1149
3249
8286
627
4186
8391
2608
5533
3181
3198
9093
3578
25
7217
5067
2189
1043
6824
4326
8642
9537
1692
5340
8403
3934
4342
2380
8747
6921
7535
3080
8849
4734
3794
9277
5833
4411
5026
8169
404
9205
3739
5711
7284
8520
1813
8369
7567
4675
2780
4659
367
1123
8952
7669
3792
7939
5568
965
9106
6654
6032
4811
8390
9438
6088
890
3800
8973
1425
5438
7575
7376
5340
7885
2465
6056
6889
4183
865
8279
2877
4557
8332
4699
196
8234
496
5138
2764
8707
4402
1958
6446
8312
2341
5378
8208
6979
7332
9366
3248
7851
5058
1884
3097
3417
7950
7212
3769
3881
6959
592
956
2845
8384
8337
2846
1173
9648
5188
551
519
5752
3073
1539
6041
8689
8290
6763
2310
5883
8612
3000
6569
7941
6367
7163
4523
5131
9166
9984
3922
780
343
7171
6802
4668
2276
5512
463
4065
9982
6564
5746
168
8408
722
9585
5042
917
7080
3166
9755
7953
4153
8966
5770
8925
6115
1750
2641
7118
5830
5156
9032
5992
9242
6285
3528
8627
2486
6341
1642
6801
3604
4285
9484
5604
6068
8115
572
5114
8084
6192
9303
4532
5074
4817
7900
7717
9768
3708
7873
185
3348
4533
3722
2322
9755
9940
324
2302
1481
344
1524
2609
7384
718
2211
8393
3958
8114
6587
1175
3653
7674
5987
9833
2656
1518
1780
8736
3567
2311
3648
5585
3186
5377
6707
65
6440
1286
7583
3141
3587
5374
2815
2071
4259
369
5607
4195
5124
5720
1006
8287
8621
4719
2402
6077
4210
4477
1147
1367
8929
6642
3697
2271
5490
2684
2680
4839
7948
7055
6317
4306
1158
1940
3432
4098
1361
2747
551
1612
8265
6705
7217
8584
4651
7687
9542
5645
1761
5071
9794
8899
9398
850
6501
4052
1999
8049
8632
8667
4178
627
2373
9973
2371
3108
4963
3150
8116
437
4887
696
6753
894
7128
8290
5400
4118
817
9437
8036
2824
1361
5717
2317
1281
8705
7662
3289
1012
5014
9210
7592
5872
4116
1981
424
3465
9141
3728
228
5287
5942
3426
5206
9324
9524
2503
2129
4262
9154
7478
2072
8571
9248
8027
4990
8167
2628
3921
6884
9758
475
4515
2918
2723
7899
2958
9674
3688
4892
5088
9301
3176
9400
9494
2373
508
3988
1748
3962
8839
5319
6097
7020
1347
4239
7501
2621
5579
464
2128
5104
6492
7767
8587
8335
3139
4954
2277
2358
7316
2223
3055
7487
814
7439
7348
962
4269
4249
3174
9091
4741
9956
1614
6241
7141
6704
362
6096
178
1567
9135
5720
8977
4653
4745
8086
1643
1949
3124
2563
8363
8159
6384
6257
1594
7593
7528
3426
5870
3741
3342
5405
6800
6803
5678
4179
9971
5658
38
6279
7797
9305
6483
6169
9619
8401
9475
3848
7076
4557
4549
3848
4905
9611
9688
3343
1193
807
4626
6812
5286
1142
9381
3533
1827
2110
8458
5625
1935
5479
663
3808
5165
1642
7021
1469
3269
2372
8883
3526
4035
8408
4285
715
3074
1282
310
7158
1610
8724
9189
8248
9544
8372
9677
5301
857
6426
6311
5819
1248
4054
4878
3606
6407
3388
2005
6233
6580
1759
4679
9032
3585
6688
4922
1637
761
9370
2095
8995
9685
4414
4966
1075
1333
5724
2318
2254
4928
7636
8187
6634
2443
7957
8826
5010
1517
4809
7768
9155
5947
1343
8563
7145
5482
5425
5131
3489
8096
365
5183
2570
7435
6348
695
6453
9820
8106
6608
1058
1916
8194
7437
1469
530
3855
2339
2772
6689
3963
861
9306
4337
8948
6806
595
875
9340
3200
6341
1498
4611
7591
1817
8706
6570
4001
4633
5329
5102
7863
1727
7433
3276
1362
2907
7947
8540
3676
1739
3216
4886
8220
5194
2115
4878
8228
2986
5022
2944
225
2225
8390
5346
7040
525
4876
3379
1713
9328
6660
9057
8729
3225
3577
5021
3437
4339
5180
1052
6394
8404
8497
9708
5753
3085
2812
5037
2422
6746
1976
4162
2782
311
1569
4022
3698
5847
7320
6248
9729
4691
955
1045
507
7663
1715
3658
5899
6920
732
7536
7567
2157
7464
719
9579
8034
7367
1291
6782
5611
7151
7198
3854
3588
7793
2245
5587
5446
5257
2131
9614
9710
29
6626
5152
5219
3052
9584
284
3431
8902
3468
9508
2498
1599
8967
8700
1592
4347
538
9107
7498
1777
9157
4310
3408
2676
469
5996
5036
4796
1884
5650
8971
6075
1273
9587
1197
393
2542
5605
4524
6686
2537
3618
2153
5065
1211
3753
7675
4994
9599
5653
9404
8253
4403
2250
9017
1243
1925
1351
2588
7011
5537
9036
2147
4442
4
6742
1315
4778
941
9888
6849
9612
4268
2637
7298
2754
2225
4216
9812
448
6153
2774
8307
8919
3069
8432
5285
8754
187
8406
4093
6115
2508
889
3035
6598
5686
2050
7162
6376
2228
1196
6076
7837
2474
6546
3720
3495
5677
8281
6405
7689
1853
8679
6865
5596
8049
760
5254
4154
7087
6283
3971
9366
3834
6020
3742
3092
5965
8583
1594
1834
8653
2736
7876
1742
4456
7704
4325
5
6169
1101
8203
3598
7759
9903
3877
7236
2989
7305
3139
6690
7649
9094
5784
824
2375
6206
7475
3216
9972
9217
9405
556
2106
2258
7036
1319
7694
2839
4040
714
1588
4453
8302
5904
8259
4436
9460
5008
2311
3859
1296
7358
6409
6812
4601
8337
5108
4282
9082
9559
4951
4068
9595
7438
79
9731
9954
1060
3313
751
2490
2765
436
7709
8179
1979
8556
8388
2962
8569
4571
2275
6330
5550
500
5449
1257
1584
192
3498
6422
6465
7914
910
2427
831
3321
5425
2785
2671
1357
6133
4993
6521
8355
2495
2569
9814
6808
6518
4307
4756
711
6116
9438
7928
4711
2694
2278
2802
6270
8417
5007
8473
1721
1905
4172
7141
4747
1578
1881
1590
2657
8629
3327
7208
7149
3699
4424
6448
8586
146
6294
889
8176
5726
6854
4923
3968
5537
6798
6747
2508
8955
9543
5472
8251
9573
8407
6522
9853
8499
5318
7252
3897
3070
1826
3961
893
9431
7457
6692
1732
3391
5340
4345
2670
6430
6949
5196
8134
9184
3891
6457
7447
7562
6238
1001
1052
1054
3850
2545
2813
4027
3836
7106
1961
1223
7691
4790
3565
7921
460
8456
5516
7021
5517
5667
1500
8895
3561
5668
6155
6905
7551
4728
3008
4158
1781
4222
6429
3621
3503
5352
7585
6054
6325
9251
3680
2010
4205
2426
1827
5226
3419
6696
6957
3310
4578
6369
5399
8526
8791
7709
5336
1565
3768
922
277
8801
688
2717
1671
4120
3561
5307
9157
6817
4567
2857
218
161
9553
6635
9839
1899
9600
1645
4104
3924
4636
4122
1947
9053
7120
887
1299
8004
670
6108
3984
6888
4999
7664
3244
3155
4772
7077
9336
7515
6333
5942
9629
2183
1285
4632
2034
4627
8769
3403
3800
8106
7157
7152
2012
6545
5621
2669
6716
250
3817
8319
1268
8571
7570
9906
1626
7490
4024
8143
6592
9305
7912
9594
5209
5313
2510
9011
8006
3222
2007
4846
2158
7692
714
3231
9571
3231
9771
796
8708
3054
9525
6899
118
7874
7293
9036
5389
4577
7779
3048
1525
3802
1221
4883
3179
7274
2904
2515
8809
5036
5013
7095
6032
972
3652
5135
6741
8353
6565
596
9867
8817
242
6243
5299
5369
2388
6444
6290
2573
4794
7581
6886
6328
5921
4354
7846
3135
3156
8712
575
6219
6491
7040
3199
5822
6645
203
519
7355
7274
3619
6505
7235
8391
5555
9558
6533
3401
8770
4945
9332
6406
236
9341
3997
8607
3583
8318
2069
1799
3096
2724
9970
1074
236
6880
7513
5286
873
9603
1592
797
8542
7978
3191
1638
6886
422
7838
215
2961
1087
8769
7384
2674
3267
8321
4851
6566
8416
6211
8549
4066
7433
9497
605
4786
3654
7221
5079
9671
4622
9526
6302
1697
6597
1447
9445
9180
6745
8081
2166
8826
6246
8440
7
4792
6636
6968
1998
4127
3793
3311
8417
2661
7548
3650
9637
8939
5011
2681
8569
1105
2496
1613
7551
4707
594
2211
1214
2909
4552
1292
9827
6234
9467
725
748
9450
4388
4964
6578
8207
4619
3292
6021
2610
1084
5438
1305
6677
3094
9711
7758
4409
9230
5832
7506
6012
400
6863
9048
9642
9308
5100
5038
6361
9814
203
1153
6905
7702
818
2376
813
8884
605
851
3081
4108
2457
5242
954
1075
6171
2046
3152
3682
8474
6785
1374
4686
5318
8919
5605
9605
4772
6251
6003
5100
5140
5190
9214
9104
9224
954
9505
1084
8716
3680
2951
4672
938
8244
7563
6137
7929
5536
9356
9127
1753
8465
4915
5488
2354
7670
8541
6
4554
6365
3971
7360
849
5653
7068
345
220
2317
1739
9229
554
6140
7764
3867
9084
6028
1916
3271
7937
1933
4847
5519
5575
420
2198
7365
7789
6413
6131
7325
5767
5826
736
7972
9102
6824
3778
567
8337
3333
252
5853
9470
4096
1089
3405
7414
7473
8593
2144
6926
1766
6167
702
4001
3826
100
2486
5480
4286
5648
912
4857
1303
41
9745
9373
8254
3643
2243
2107
3565
2701
5033
8411
7461
7468
1555
6255
6166
9703
1395
854
5197
8788
5764
6453
7467
4539
8913
5114
4034
283
5708
2693
1979
1140
8020
4912
2773
1076
6141
9985
6397
2854
9525
573
3339
5338
7747
817
4977
5553
1027
9545
161
687
7953
3878
769
8374
4078
6749
371
3061
4553
9714
9420
6908
9023
6917
382
7152
5927
291
2322
3743
6830
5964
8416
2256
8776
5982
2265
1435
3076
7424
4957
4553
3367
9058
3620
5718
1230
4843
2470
7003
9593
1179
4698
1209
1964
8709
2413
663
9189
6178
3707
9299
9720
4596
2284
6682
4671
6175
3587
5164
827
1136
4577
9138
8671
9277
8797
5206
9264
2302
6679
5934
3916
982
6210
8131
8846
4369
4270
8224
8167
8798
3664
7493
9071
6350
3949
201
9741
447
7850
7234
9574
4634
8641
7502
4712
2562
9156
2475
1474
2100
9935
7582
9374
5834
6819
8887
3532
8175
5290
4749
8034
2957
2383
1096
7861
1868
1714
1921
9326
9071
6592
4329
8852
1117
6288
2254
1194
9756
662
5318
2104
5619
720
2680
2726
3969
3915
7408
6714
7928
6213
7258
2547
8694
9332
8101
4180
2242
9823
2747
9967
1077
622
5209
7769
4275
8393
7283
5011
2653
8751
3425
7915
7246
4701
9716
2942
9231
7017
3325
8947
4989
612
5493
1290
7224
1820
3337
4976
8659
5532
7526
8782
9229
5938
6260
877
8966
3064
841
1476
1149
2232
5709
6957
4282
8413
4770
6106
5563
1607
1190
2071
1390
8008
8819
8034
7304
4390
983
8761
7479
5890
4121
462
5895
5107
6536
6578
6989
6691
5316
4869
2481
6466
1129
3541
4153
2627
5840
5985
2483
9712
3115
8956
5517
8095
9623
643
3301
4055
453
9681
3191
9838
8058
6317
5980
1202
6535
7639
4551
8654
9318
1096
2067
8581
3979
5051
68
1737
9129
7152
3589
7279
6304
3206
5776
1756
3245
8323
9998
8055
8321
5109
6360
1207
6251
3341
2431
6069
6087
2730
9949
6549
5577
6084
1327
4286
7067
1321
499
5148
1908
1721
5925
3064
9782
4169
3119
900
2678
2472
7405
3025
4233
3177
7649
205
3169
5323
8481
5952
4940
2393
9357
6889
1407
7369
3044
306
5019
7729
5784
5898
6323
1879
1864
7703
732
8642
1221
7297
1390
1584
7270
5400
1161
887
6735
2745
6130
6557
4227
3484
4505
7487
36
4102
6564
5576
9654
5244
3931
2265
6050
3962
2087
5241
8266
7657
4365
2055
7143
5814
8452
9554
4990
1328
7422
6738
5188
3994
7078
4929
9844
5940
8358
492
2632
5112
4371
5264
145
334
1931
3704
2118
882
7505
5636
8628
1972
6273
4303
6418
5113
4546
1250
7911
3344
813
3119
1781
7682
3537
2276
5383
2262
2368
885
8958
2967
4864
7415
4698
9305
1557
1376
9911
3257
7722
9405
6364
194
2804
5702
1336
6869
4424
7607
4367
3396
9370
1565
2494
3881
5539
3251
8612
7610
2054
7505
3888
3771
1138
4953
5249
9219
9597
4439
1454
5919
7442
9309
6247
9481
9976
4408
9194
2153
4526
2395
6732
2325
5449
9005
3459
2678
5874
923
4348
8757
300
6223
4069
8460
3864
4745
4183
6310
3112
4351
671
3677
8281
5161
4807
6158
3330
9104
2916
2715
5269
9167
1712
7719
7441
6635
5114
9659
5965
9816
286
272
4699
5508
4436
7670
1653
7545
3570
5564
931
6006
286
608
5087
1095
3646
9242
6229
5077
8673
5959
2446
3916
8616
9923
6060
4642
6361
1553
351
5392
9006
1965
7841
4607
4713
9518
3338
6139
5797
7601
7848
8748
3229
831
2754
7273
3229
7475
9496
1053
7430
4670
4507
3069
7019
3550
9624
8092
6945
4947
5767
23
4999
2450
5551
1929
9293
9418
4889
4
2939
6991
1689
1290
3156
6475
1123
489
9752
1526
2510
4017
2054
1655
2008
256
7470
7870
9173
593
6923
299
373
1715
2883
3670
8530
760
1948
8190
8678
4739
8277
5446
1986
6667
4117
5692
3372
9508
5711
2056
9246
9539
8909
6887
8212
7446
9396
9630
4474
1711
9909
6511
7228
1405
5914
8194
2943
2984
5305
7545
968
5735
8811
7366
5863
702
206
9700
9630
806
2164
5761
9692
3678
2339
7700
9751
7368
6118
3664
9610
6263
3211
5365
7558
859
4317
2591
1940
3123
6389
8828
2347
1330
904
3449
9623
3886
8531
2504
7224
7104
253
788
4500
493
3980
6561
1036
5684
1037
5104
6921
7010
9927
9583
8847
8230
5356
9236
8861
4422
641
1718
8325
256
3654
4489
9694
9936
4931
7725
4243
8451
3221
3064
5101
7947
9408
7798
8480
9565
7160
8288
5060
2815
4425
2691
4630
887
5489
8371
6739
4492
4440
3930
3471
3988
3107
6264
5038
6014
3256
4045
169
3384
8764
8835
4323
7688
2990
3719
2781
7928
630
2466
3622
9724
375
1938
5777
8581
9410
4541
403
6706
2303
3112
9947
3397
5653
2201
9568
7215
3420
5593
7109
2962
3144
6784
5956
9975
8619
5442
6873
112
2994
3595
6929
7137
8673
415
4599
9907
5063
5708
2291
9280
7558
257
6604
2172
5721
4901
2524
926
4985
9077
312
8064
1107
5881
5843
6970
947
3412
9468
9498
7852
9942
130
7226
7915
9152
841
9675
1741
6178
2115
360
4055
7241
7802
5537
1069
562
1636
4572
7785
6699
4594
6097
4133
9035
8524
2593
9691
8299
4965
763
4245
7473
1442
689
2048
5052
1264
6929
2708
7119
3278
1867
1851
1705
1642
3018
6918
5777
792
6039
2773
5288
3773
3227
5438
6289
9638
9679
8691
5091
8104
9819
2174
4010
2144
5661
4025
9386
9762
3202
2395
2611
5883
6544
5057
6948
9919
8130
1261
2998
1094
6994
2806
6127
3053
8545
596
1407
8202
85
6373
4598
431
2347
8406
1569
144
2964
8565
3643
605
2708
5084
2812
877
1044
4858
6371
8560
2173
4487
3916
7782
331
4275
7498
8875
4126
4943
9833
4730
1940
9674
9285
2195
6548
2861
6984
7962
6030
6338
2614
4183
8378
2550
1107
3236
7380
6803
5821
1021
4525
35
3072
6907
2602
5595
2360
4895
88
3609
5822
5349
664
8124
4963
1986
7500
6083
718
7689
6877
3679
877
5456
8052
5935
8280
1608
4198
4755
6105
2331
5810
9020
730
1023
9518
7604
2489
5024
1093
2369
7890
5729
7486
2443
4385
4850
6418
229
6611
2773
109
7422
4180
3372
813
4724
3337
2034
7742
3186
6452
6421
8190
5008
8014
2277
5267
9017
531
5130
2940
6467
5376
4345
7384
9627
7373
1142
3155
3734
4216
980
1118
2116
955
565
3854
7825
2647
341
3675
8125
5808
552
7824
1207
1428
2565
4985
1706
381
3780
422
8599
6127
7328
6868
3594
6708
4454
1992
9539
1822
8855
5891
9173
4657
9286
3651
9836
5109
5898
2970
2719
184
7471
3619
1112
2117
851
1503
2226
1033
8725
3798
4878
6920
5872
596
2934
541
6228
7793
2229
702
1383
9469
5586
7898
4063
4740
5366
7504
881
4402
8339
3546
1309
2569
4473
5498
4831
85
9662
7941
6939
5990
8416
3221
7665
9917
1400
3577
591
6990
5461
9094
4391
1069
2491
6002
7803
1690
8319
475
9655
6246
5053
4247
5269
6119
9811
8703
6420
5424
6898
2467
3128
609
6808
3280
6783
2831
6936
1202
1804
9372
2390
327
4894
969
5986
3834
6622
5107
4399
4606
7098
8816
7641
7723
6833
2340
845
7738
5557
1253
7061
475
8974
1654
6244
8812
2840
4589
3590
9981
9394
3392
1870
7258
1285
1705
135
9612
7980
1200
9083
9309
7829
3950
2185
4859
5010
7500
7760
4784
233
7977
4759
7882
3081
3009
3724
2209
7686
2818
101
4091
1571
1912
9518
5799
3052
799
6388
4952
8441
3116
6864
8378
5976
4272
2627
2169
8606
7482
4592
6659
8100
6927
4961
3364
3468
4988
409
2173
3222
433
6193
2340
3788
1183
7240
6268
9087
5731
7740
223
4006
8368
2656
2523
9926
7943
7845
1698
3662
9895
1523
5300
8887
7677
1555
8875
8489
9973
9075
6776
9161
8788
9670
652
952
9631
920
974
2401
2147
5571
7808
6239
572
5008
4493
4801
2402
9141
8908
5543
2255
2223
3635
1943
1183
8406
3243
641
1973
9198
1938
3249
232
7950
7160
3963
5900
7833
3208
4187
8559
2270
2194
7916
941
4281
9091
4692
5089
6843
8294
7597
1033
5296
8595
7942
6
127
6254
7100
3732
2763
5310
4910
9333
8121
1423
2259
7978
5241
2712
2139
2201
2573
5752
8048
9975
3368
9347
977
2890
1311
7423
3455
1801
7320
758
8580
1990
3395
1003
7268
925
9800
1741
54
970
7020
9276
9688
3599
1803
3433
5696
5533
4698
3883
2632
1331
9605
7713
7850
6359
7500
796
4461
6721
774
8136
4031
411
2103
9528
8072
2060
9433
3823
1282
9466
5233
5234
1565
7291
3580
5346
2996
921
6198
9123
310
4895
9988
1778
5878
4669
5028
4487
7190
9148
5107
8037
5072
8441
6192
7056
2814
4860
1275
3594
900
820
810
2034
7934
3262
9510
207
1428
5725
3097
4763
9694
7393
7490
2711
2963
167
3553
3374
8726
8338
9587
6420
6207
8748
34
1620
6795
8865
4915
7334
5451
1519
1079
9433
7339
2633
1474
3412
6619
7587
9703
8657
8101
2016
1848
89
5930
2408
9703
7538
3255
5880
2113
3238
8695
309
6865
1697
6973
6615
9723
5721
5423
932
4141
6273
8212
528
2575
3160
1517
8393
9323
9549
7041
5022
348
8916
5473
4540
6689
449
2708
2081
866
759
9686
9433
2567
9958
4909
2347
1312
1444
1397
7554
2476
1779
7246
2170
5228
691
128
8271
5136
6740
8802
2226
1413
3592
2216
187
7467
3068
2853
4669
1094
7377
6410
5364
3353
3520
5118
1698
626
6625
6524
7669
6754
4928
6991
6221
6280
189
9405
9503
6372
9004
6850
4171
4321
5609
7608
1452
1417
3325
8866
2635
1077
6293
5516
5284
8429
1731
6752
8147
1650
4616
2724
7510
9882
4115
4181
6962
477
3886
508
2004
4169
8026
1653
9988
1718
3158
7232
8920
9449
8661
9304
4960
9
5223
1887
5801
3753
8481
1798
2945
551
643
6516
8894
4670
3228
2613
6280
2161
272
8708
1510
9147
2085
5597
2162
2057
1792
2205
3209
4734
1328
5525
2581
121
5352
799
1371
2338
3987
1810
3702
1314
5449
1355
6479
726
9690
3063
8878
8815
1854
7327
1027
4948
2824
8820
8594
1926
9543
8748
6706
1688
6020
8179
2839
7480
2589
5845
643
8160
405
3421
321
6794
2983
8839
8356
8992
3536
9678
4597
1722
6601
4329
6681
7345
6699
663
3512
4509
1899
4109
6067
6158
2639
6240
242
3107
989
5403
7897
1317
1585
8154
9391
6984
7007
9468
7765
9024
5532
6242
7360
8361
2888
3842
6518
7114
270
872
1662
3449
5947
8651
4353
9661
1766
1719
7262
6349
4277
5170
6353
6231
1959
8497
5086
5914
94
4521
1117
7490
9677
6943
6820
2387
494
6502
2210
2842
6459
6116
8836
8704
3399
3502
4333
9690
4149
799
1939
120
9214
931
3836
6277
7639
7348
1830
3280
4998
3713
988
6464
5154
1853
4588
6877
4266
7215
3462
79
749
3113
9194
9350
2736
2100
5364
4140
9088
7003
9528
219
637
7872
2973
6492
710
6146
3541
1112
3625
2120
6659
6706
3863
4368
8553
4109
6608
1817
5574
3088
9901
8880
2425
5635
6218
1285
6087
4613
9876
8367
3729
3342
7870
5457
1360
9063
5790
5334
5453
1102
3681
7974
1166
3457
4573
4940
4223
3158
6603
9663
5597
9516
8997
482
8247
5319
2172
142
1271
7125
4402
4084
408
1021
1081
5101
6458
8183
7021
6353
4171
8862
5200
3787
1998
9359
3506
7528
9298
8580
2151
269
5905
3427
2776
787
7033
4072
487
9156
4276
7320
88
7451
275
8831
7173
195
2445
4274
864
3398
2910
9717
7508
1064
1825
9373
2776
41
6856
8729
4970
5683
6784
9828
1860
8439
4297
9752
9556
4289
5488
1876
1267
3411
1790
9210
3837
7691
9399
7025
334
5575
7928
5430
4088
3327
4046
8584
6455
2789
7184
5548
4359
3604
7421
6568
940
5945
9961
4145
2139
6806
2396
918
1406
8923
3033
6045
3951
9311
8388
1736
3267
9491
9869
5298
2146
1112
2931
5249
2311
6597
5625
8640
4175
7420
4866
9295
3502
4894
2283
8353
7031
9590
7835
4404
9618
9307
7991
430
5199
1892
4824
1613
4224
5417
8270
4700
6111
7709
9391
5519
8973
1295
2794
9300
6655
1170
6667
979
4766
751
4107
9594
5940
1645
7932
8134
3795
8288
7098
3130
6751
6283
309
5763
1424
7548
1684
8539
2006
1348
6440
2448
5706
4242
3366
3755
352
9213
5792
9490
3864
2573
3083
5116
660
8861
817
5972
9424
435
2696
3149
2186
1344
7997
7653
3778
882
5484
1788
2481
5091
6657
2687
9673
5096
5219
3515
2880
5476
1474
2278
1688
7304
7526
2791
8500
2317
9380
9844
7175
8560
3073
7453
6585
6866
7456
3609
9696
7711
290
202
2201
666
9744
5848
1675
4267
4751
6657
972
1377
3480
1868
1605
4602
4352
5714
4196
3495
2905
3914
7462
8215
6553
9003
8896
460
5415
5890
3645
9593
5609
2144
981
770
1561
2239
7058
6530
6215
7126
1350
3194
4820
9851
8662
1540
303
4597
6550
6481
8986
9525
2855
7047
4128
165
3332
7506
5793
3226
4007
4875
2608
6505
7554
7601
6525
591
2973
9624
8117
8345
6779
9165
8048
915
4810
7969
6366
1863
8110
8563
2191
6013
4774
920
5049
6561
8299
5565
8686
5691
3922
4392
5168
1530
2635
1309
3820
6139
8364
6697
1713
6478
9011
8794
7610
6897
9684
3150
5133
5516
7458
3005
4073
3981
2046
9204
935
2201
4721
4022
6991
4066
6216
1435
8229
6572
5894
2744
4249
2141
7481
7174
770
469
3501
8246
8804
808
6303
3496
1895
5039
4478
4667
9512
5876
9122
6520
6784
8629
3107
456
1228
7421
5668
904
3895
1860
3684
4044
4397
5660
3258
5666
8170
8480
3460
9484
8931
4368
8682
9693
4951
8099
5835
3355
4293
9966
9812
3849
8222
9690
1248
326
2440
8438
6253
5219
5929
1146
1368
847
4365
47
7803
7473
1094
9469
2422
5900
6452
4922
8858
2342
7641
3605
2911
9243
9445
1784
9217
8606
2917
3344
6278
9633
9857
8836
3868
5290
3316
363
9478
1795
9831
40
6576
8491
4576
8038
6218
3239
7089
615
4382
8149
2748
3060
4250
2966
4182
4564
5613
9697
3048
5184
2191
9077
9492
7024
1039
9620
620
4866
3928
4458
9141
9532
2861
4926
556
6340
5221
6439
8350
439
9845
7052
2190
4266
990
5388
2751
1569
17
1485
5871
3825
132
1261
2964
8400
52
7919
8128
8572
2151
6677
9577
8239
1396
1250
5910
6617
4800
7063
7755
9678
1821
5924
4871
4691
6477
702
3103
2794
4960
8798
8083
5213
9370
1105
7404
3279
906
2624
2135
3823
8484
5119
3290
7926
8879
1675
4625
2074
4218
3323
1973
9289
72
8675
8387
6019
8894
8845
4655
9401
8390
4485
3751
8453
794
1296
3641
3918
5037
7107
2666
2863
704
5384
6306
7742
2626
8193
5880
2115
892
1143
3062
1175
4729
9289
9744
6610
7513
3423
5154
6092
6750
1432
4092
7184
7352
5993
759
2743
447
6927
1364
3758
5516
3929
8826
3768
8275
3124
3361
1006
3232
4873
3115
9005
3572
8594
189
3339
8832
2248
9811
1368
4398
916
8443
2059
5835
1080
19
9694
6083
7558
503
8632
3179
895
1660
9279
170
2458
6556
2357
4170
9110
790
5411
6608
6885
9941
9930
2794
3186
9435
6347
2487
7720
7448
4720
9241
8015
8922
6524
6607
7817
2093
6335
5681
2329
4513
9503
4862
495
8310
3528
8617
8475
739
8982
3557
9188
9686
7061
4038
6745
2509
5658
9136
4752
1367
1204
3957
4195
9286
1287
2954
3956
1897
1524
3807
8481
6642
5309
2172
1554
4770
9325
228
4415
4537
1110
3313
819
2442
2872
275
588
5273
824
2826
7070
7843
6219
9017
1767
4124
7147
5914
2873
5291
5539
2031
5493
5638
637
6444
2604
1789
4581
5975
2308
9851
3820
1667
4784
1802
450
7191
576
7815
8353
8900
2229
70
5174
2084
1439
2941
2289
3448
660
2699
7345
7259
5023
3741
1766
6061
1897
2013
764
3214
9439
400
3691
4723
9494
2222
3496
426
5562
7541
8570
6427
8508
421
8589
1881
1756
7737
7195
8166
8987
6789
569
3120
2773
6276
7075
6788
9368
5493
1396
8411
8309
6987
5657
7622
1374
7708
8426
5648
9163
5184
830
9882
5667
4836
8269
4257
9186
7774
4157
8416
490
9277
558
3828
4213
681
448
8596
8764
5474
8131
6135
8841
6855
4396
7786
6142
6586
5542
582
2616
4400
1096
782
5735
6321
3115
8807
4961
3185
8
4158
8451
3008
1745
2829
7488
6576
6424
6353
9245
3307
3979
5182
2530
9023
4410
2950
8417
4786
5070
2518
125
4443
7132
2586
2651
7419
563
8781
744
8549
4118
259
8620
9987
9698
1552
9717
2031
4461
754
2574
2189
5927
8394
8916
3177
9850
666
1597
1746
389
5216
2093
6691
6338
4364
4712
1829
1757
4437
6312
1593
4274
1529
1452
8255
189
5929
9214
3047
466
2354
6405
4536
38
7000
5885
711
2940
5006
4580
308
766
1375
4821
2283
315
1986
8621
8220
1242
7837
5238
5393
8703
8273
3420
8716
321
6258
993
5097
1743
6342
5779
4712
7480
5825
858
1973
1728
7358
8103
1373
8721
1899
359
6036
8722
3997
1475
9
8143
8582
7281
9759
5929
6760
2326
4780
3842
8268
790
7720
2596
9709
4439
3514
1435
3082
387
7597
1744
5421
8352
6226
9826
2152
3354
6442
1707
5014
1185
1219
3533
4277
9782
9935
11
4305
5440
3527
3247
8574
2139
8979
9000
3642
8683
8677
8663
1624
8412
5531
5632
1913
1420
9680
9461
2719
1269
7814
7943
2964
176
1664
2212
1645
3873
7381
9677
4021
6004
5587
4308
3556
6193
5647
8910
539
8275
3056
8519
7202
7986
4178
735
2215
4326
6839
5353
1666
9699
3908
6543
5003
8527
8647
3263
9784
3455
4579
8603
4894
5613
3415
2816
3777
7078
3529
985
2440
6251
1862
2332
5746
4962
2422
327
1708
3370
3169
6769
1830
7815
6037
5141
8779
2861
8858
2078
4206
9631
3365
3960
5241
6249
9406
7738
8732
3396
7836
155
975
2188
575
8293
8354
3494
1333
2606
9250
4694
1164
6723
6138
6445
4828
6904
8856
2776
3172
380
1924
8308
9077
7520
7706
649
1325
8444
1280
4080
4508
9155
4958
8222
2535
5744
3676
2851
9
5852
7151
9017
3645
6633
7735
3543
8900
5115
964
396
9337
5026
7867
4848
703
7923
1344
6587
2457
4176
7439
1207
9469
8138
9165
5860
2481
1582
9525
7966
5421
3215
4531
32
5809
8023
6276
2733
1336
8208
9955
9050
4965
9521
4472
2204
163
7258
5554
4057
6420
3838
218
4544
7308
5823
6893
7379
6646
2340
9052
1258
4049
309
8399
5007
8802
5240
5140
208
8212
5665
4846
3078
5910
1729
373
7323
8022
2466
590
9971
5184
8932
9293
4591
1693
5412
6376
5691
4838
42
5125
5833
7410
3656
3220
132
7347
7345
4626
279
5272
6007
9477
3801
1413
6289
7275
7794
5800
920
3692
3253
669
4407
1654
7404
2072
8716
8598
6204
6527
539
3885
2359
8574
2588
6419
688
4080
857
8430
6459
7649
6011
7014
7901
4202
9263
2545
975
155
777
8467
8565
4618
4980
3130
5179
759
2329
7107
5957
4602
3067
1501
5427
5276
3978
9124
4399
8011
1369
188
6947
4438
1178
3466
7798
9527
7193
7652
987
4445
3463
4506
7979
393
6775
4392
9004
4987
9776
4446
1785
1881
5917
432
1811
8579
4396
1164
8083
837
1920
7513
4974
7545
305
3562
8983
879
3100
963
2420
1004
7308
1122
1254
4775
9474
1261
1651
4600
215
8167
4423
6751
8621
3797
7621
5233
8711
934
6189
8546
8030
1403
6903
882
3205
6096
7187
6110
1326
2448
3291
1799
6486
5778
4297
5340
365
931
4802
1884
3390
2657
4718
4888
5101
4485
1923
9564
2076
9369
3366
9948
2363
9419
9027
3226
1211
5966
8859
6861
9208
3657
8815
6989
9933
4369
2661
780
228
1455
7497
9505
5622
4640
4266
6639
3106
7948
5142
4127
4173
815
8938
4412
5802
3029
9028
7074
6836
798
6665
4429
9319
4071
3414
545
6339
7187
1673
9838
5814
3045
3441
2136
5672
6091
2292
2316
7960
4283
5618
3957
4034
488
3427
8853
109
5050
5692
7996
1235
3504
4349
2390
1833
6409
2266
3910
2278
5107
3320
7318
5653
2443
7206
9351
4870
9433
8158
1334
50
879
1532
201
9990
6158
9600
8586
8691
2377
9557
8137
390
8685
5495
715
8114
6703
6298
4048
5572
4336
6469
6116
4390
4253
8095
3865
1662
3438
6037
1575
9024
2148
4901
4908
86
5972
1453
8795
5889
8620
5887
417
1928
8296
8158
2551
9823
2302
5956
8279
4104
3871
767
2524
8406
3180
43
8508
9990
7665
6514
170
7105
4340
6550
1856
8672
5824
8221
4106
8552
2011
4506
8686
3757
7820
839
2523
5282
6959
9902
8711
8234
2222
9889
9022
7692
3072
2945
6913
9486
9285
5473
1043
3519
714
5178
5296
2169
9490
4070
465
3723
4300
9272
8531
3057
4691
1912
1415
5807
3214
3710
4628
4814
2608
8126
1586
2124
6403
1332
7132
2447
8726
3733
7144
8780
9844
6025
2653
1542
2337
3635
6786
1705
7547
9355
9849
32
1638
3019
9448
5180
6515
6518
5529
7141
3171
73
5739
6638
3425
4109
5190
114
4607
765
207
820
4396
5855
9307
6540
534
2361
329
4687
9312
4678
9658
7372
6886
2466
1979
7655
9015
8102
8574
3039
5235
7365
6027
7455
2985
9807
5133
4749
1980
8275
892
846
4136
3108
4813
2470
2376
8029
9909
157
6195
1334
5867
7456
2400
5470
2385
3566
5048
5295
6309
8046
5734
4434
451
6751
208
7525
371
8157
6987
4734
4609
3255
1226
951
7028
988
4212
3770
4888
9303
7314
5372
1626
3603
8707
6215
9561
8430
1575
3996
3296
39
228
3694
5540
9049
4720
8771
1440
2271
504
3239
1330
3529
3186
3759
9173
4527
1609
3431
5854
1916
1355
5360
6899
5487
7236
7022
3961
3069
5960
3690
6579
2213
7671
8803
1587
2942
176
9772
3479
408
8721
8110
875
9018
2701
4650
3616
3023
7589
7416
4092