9039
5331
196
3742
4265
3351
5502
4955
1340
3436
3473
2694
7310
8390
807
3882
3461
2679
5535
6886
9553
9875
561
7735
5340
361
5801
3755
9925
6985
4426
8375
7306
1443
4179
2458
7644
2105
2057
3601
8146
5
4074
2459
7904
6147
2661
6923
2506
1340
7265
9994
9215
4508
7377
8376
6689
3380
6881
9965
9004
9684
2781
5600
9544
296
1078
910
4956
4136
2984
3927
7023
1813
499
593
9254
4696
2877
6618
1253
307
5901
4692
4302
1184
2071
3547
4874
236
2822
6569
7744
5549
2830
4420
792
4873
968
2084
4381
8827
9309
1730
191
5126
7872
5431
7212
7950
6780
2634
7199
206
8717
4381
6983
8626
9488
7181
6465
8730
1833
5564
3529
4694
317
8991
2030
4759
7278
3733
5838
6762
2527
2556
7096
6596
7874
2264
4392
626
2834
1511
1761
6227
9220
3821
2847
1354
5721
6016
1721
5498
8689
2809
2473
5238
6118
2474
8251
1878
2691
7172
8137
5127
9904
5773
1773
5332
2348
2376
7032
4670
3873
5192
1107
7601
9354
4001
3931
4681
4350
1215
682
2655
9600
4442
8213
2966
8355
8142
2065
4305
7882
9451
8
6813
8939
9730
2442
5808
4207
6678
8222
4287
5204
3652
2292
3887
7463
8888
992
4929
943
6088
1974
4947
2100
9827
1718
1811
8184
4189
2199
7127
223
3425
252
5212
6628
3526
1095
1103
3486
228
8866
5368
8289
2566
1164
8420
5188
5002
9410
8553
4148
3504
5466
3208
2748
3076
2968
6239
1799
1625
4601
7694
4505
6185
9668
197
9997
8858
7286
5695
6562
1819
8530
8491
476
4650
5092
1074
6481
4900
6293
3413
8990
6214
6468
5069
9032
9219
3800
1492
4170
5683
1558
5566
9707
5759
364
3343
6536
8860
9180
6440
9401
1316
9620
7248
3423
1243
4542
1705
737
3246
1837
8440
2118
9435
6324
9368
3265
8220
8786
8542
9354
2418
8519
3200
5173
2046
9798
9042
8450
5857
624
6719
8518
848
7512
8941
7001
1220
2354
1182
3193
6008
4480
878
792
264
5449
8186
5144
7648
6673
0
6238
8257
9908
3813
937
3129
3806
8084
4067
9262
4753
9553
5325
3139
6121
7657
1250
3445
3220
1616
6483
622
818
7816
4614
9119
7131
5003
9716
8572
1868
4704
589
647
9634
807
7230
3407
1095
6723
2032
6360
7300
9690
9765
1719
4206
2902
6083
870
9030
8735
5643
3665
4278
9384
8777
2968
3193
8669
7835
1114
6197
5527
7407
6939
8467
2366
1782
2415
7394
8977
9753
7051
3807
3631
2279
7126
4296
9484
1494
9303
4827
9421
4247
9076
2020
7747
5501
9845
8925
6687
9135
5696
7188
8300
4695
9655
3351
4256
2873
2221
110
6165
9823
5651
1161
4751
3049
1591
7425
3801
2146
890
1340
615
1556
1538
8552
4685
2579
5495
6869
8410
4484
4001
7633
3189
4261
675
2109
6528
4805
6328
605
9220
8265
2128
2994
9277
8869
6207
4900
7129
623
7746
4596
8877
8240
7629
9387
40
9126
8400
4157
2661
8171
6316
973
5718
8999
1209
5987
8707
6488
4100
1018
8784
8884
240
845
2451
2176
2749
8665
4088
7867
2929
7613
9934
7879
9612
4112
4821
8894
7892
559
123
5654
602
8007
1537
8720
6118
5196
2799
5890
969
8143
1236
3204
1954
8428
6948
7441
1685
9017
5297
5043
7332
8797
2936
1075
3843
2084
7317
6749
7340
4728
7800
3869
3846
9019
2995
4914
1962
2746
7834
1636
7856
22
1311
7932
2461
8272
2170
2245
1894
986
7231
1649
5114
9932
3028
9888
6457
218
8499
8699
6881
8231
3881
8968
554
5122
9017
3925
6189
4971
7019
9515
2271
5148
5618
7877
5302
9354
1724
1079
333
6873
2639
3043
9615
349
250
2091
4372
431
2393
8356
6857
1965
9075
980
6476
6666
2232
6784
1542
505
3000
9649
7910
6818
4047
1815
61
5091
2042
5036
5418
5517
4880
5717
9587
7193
1275
513
9784
9012
756
1497
5261
1747
1548
867
9053
9008
2506
2643
3883
9314
7597
868
3100
6314
6710
3214
2831
3136
3529
5829
4094
328
6905
4573
4470
6955
4896
7049
5247
2966
5433
3719
2980
5880
4433
3413
9498
66
922
2980
6118
7089
3687
9337
6656
2873
2811
8888
4811
41
8340
1184
5483
2123
48
597
4677
4881
1646
8296
4873
5159
1401
5140
5013
1382
8747
4329
7402
1907
820
4342
2805
972
8977
9069
7505
9204
1840
2514
6919
8581
2223
2837
3088
1318
757
1333
693
5069
9351
3989
3419
1562
5325
2633
665
9672
5487
7403
8037
6153
1823
5060
4671
9012
1956
4940
9750
4772
8071
5232
5459
4281
9819
295
785
8687
6627
4219
202
8979
8187
5869
8519
1932
5481
3981
8315
2552
677
1439
9865
6001
7390
3239
5614
9621
2626
1628
2834
477
9124
3702
1124
3406
8792
9981
4254
8005
4618
3967
8557
6800
128
3134
8841
387
7471
1380
4461
1006
9124
6134
4260
651
579
2626
7244
2750
494
5903
4556
7831
3554
1919
2938
7583
7313
3447
971
7551
6976
4619
4004
3616
782
3073
7043
89
5963
3223
5476
2646
3252
5007
6569
903
8222
7067
3792
178
3847
9536
3383
8319
4976
686
1148
6522
3723
7507
4118
4309
1065
3998
4548
9960
3451
6925
6720
8352
6242
1
2809
2042
4826
917
1199
4710
1589
7043
4534
3066
6497
1389
3275
9380
6441
8647
2959
5084
6208
4187
3739
6713
2469
5976
8122
5521
8431
7908
5114
1156
1451
5000
3164
355
1589
7763
4150
9420
2064
8526
6203
5615
411
7
4743
4713
2889
9377
5290
9122
3329
9254
1395
9053
6545
5581
7343
2369
7253
3517
6711
3114
1560
8862
6798
1467
2947
6096
9390
7869
1229
1079
7828
904
9845
7757
7523
8331
9944
2542
1260
2108
1845
6579
4125
3136
6145
6321
3050
5706
2360
1190
3987
4085
8915
4942
8591
9865
374
8368
6992
9693
3904
1094
7686
8240
3487
4538
2746
1960
6142
4441
9788