3454
9053
1316
2390
8375
2956
3865
2749
86
848
8139
1814
3199
7984
522
6542
4995
3928
4491
9643
5587
3459
9824
547
3928
6822
889
7286
8533
6366
4146
148
4786
8383
4448
8828
9259
6177
8939
6423
1641
9869
6606
4463
7462
6167
5439
5698
3247
5050
7935
4032
7265
3872
2425
1536
6696
8303
8505
2143
9252
2840
144
3474
9694
7742
369
4895
3270
5261
3016
2126
6770
1499
2022
2910
2654
7248
4991
5575
6457
3863
617
2457
6544
2596
6723
7013
2532
4109
7094
6055
300
5781
676
467
217
7708
2133
693
8205
3431
1371
7272
2942
9791
7910
7897
3361
1728
5315
7184
3465
7116
2645
2881
9824
6556
6344
3170
885
223
7743
9525
4148
428
5128
9566
1524
7524
9811
5960
8514
5065
4700
3516
2105
2439
6899
6278
438
5304
3241
540
6594
3468
3672
7627
4816
600
1492
5364
9066
2774
5106
5269
1485
1939
1537
5079
9033
6021
3792
4670
4655
1493
18
6982
3683
5320
1284
7831
2609
6159
9202
7324
9156
3135
5437
666
5940
5975
6266
5644
5037
7533
569
9127
4763
9038
2149
9523
6434
2058
5541
2130
3897
8078
7829
9370
6201
6822
8615
7464
6989
9621
7336
249
9613
1258
2054
6845
7449
2907
2381
5744
3669
352
4828
529
9781
3754
6751
7804
778
399
6552
5410
4142
559
9544
7064
474
6210
7798
954
7600
8442
3150
2490
3966
5308
1752
2467
3151
6155
779
3087
673
1518
3613
1649
2631
3249
519
8512
233
6113
3141
3020
598
3274
6996
2639
9715
6193
7016
5300
6916
6305
1656
1135
1995
6786
8464
1433
2945
2747
7519
6894
327
3043
8575
7115
8539
3370
9956
4177
7460
1670
3637
449
9776
5993
4454
515
7279
7326
8643
7648
6518
6039
8999
1683
2758
5640
2211
8203
5544
8812
1045
2030
7970
1814
5465
2912
7821
3943
1622
8914
4526
5942
5057
9654
1886
8651
2799
29
1040
8222
8869
3868
734
7779
983
2129
2199
3048
7307
3005
5319
9820
1153
8813
2778
2873
7826
4133
2658
3927
67
9757
1836
3525
6326
8682
1375
2191
1181
8239
895
4333
271
390
6611
5816
7631
8609
1497
6209
5590
6100
9046
561
4805
3480
921
6656
6965
7825
1089
8789
9519
3177
4981
881
7861
3086
3775
8978
4970
850
467
4627
6596
9822
6808
4248
2976
2481
6125
3228
3213
1756
3508
5862
1330
1186
4510
5597
748
6435
3920
476
5329
1710
6281
1188
2717
4274
836
5007
4303
4588
4151
2816
9064
1976
1791
2599
6126
7441
6038
8768
4349
4905
1486
4348
3556
374
8460
8474
6742
5468
5366
9442
6025
9955
9769
6293
5801
6864
8080
5938
7006
4341
4784
3
9908
8595
4426
4801
7266
8874
9819
7282
1761
1013
5887
3600
3713
6119
1134
7038
6457
1086
6656
9848
7838
6715
8705
8384
7723
4740
3223
7126
4339
5490
7776
6425
2595
1009
8575
7796
5391
6958
1734
6446
1832
5005
9585
2377
4109
3553
6989
3099
1846
3630
6258
503
2133
8722
626
5350
4961
2791
3790
5734
5667
823
5707
6351
8365
6488
281
1450
9539
5974
8190
1353
108
5150
7297
8725
2131
6514
4158
836
8323
2320
9173
9489
3682
3668
4957
8187
2845
1185
3596
3562
3382
6861
177
7794
242
6332
3173
1424
5796
518
5117
8660
9071
9457
4803
2840
56
3979
1830
8200
9785
7052
9750
901
4518
4541
7649
6916
7374
1983
1084
9763
6439
4798
8127
3438
1591
9739
9975
4448
807
4066
3742
204
5840
4087
6473
2347
6680
8200
1075
9107
7828
5853
1456
2497
2213
3751
6403
1771
7185
8899
3954
6756
4567
7285
9945
9528
6563
7368
1636
2527
660
5837
2215
6118
7470
8249
7912
2772
2336
4433
3647
1547
8249
7849
1672
6775
1913
9804
603
1842
563
3799
9438
3784
1883
1936
4957
1691
1565
4277
5116
9628
5104
8824
2948
5368
9295
5972
4343
5256
7573
1200
3269
1771
9809
8199
7242
7194
9390
4385
8393
46
9959
7191
6732
22
9497
3797
6918
1222
6744
4445
5945
6677
5990
8793
2323
349
3299
3670
223
4479
3620
7035
3812
8100
1444
5261
2274
8556
2404
3890
4295
3443
1834
1785
6238
4464
3945
1024
1088
8280
1289
3817
3026
3158
351
3928
4186
245
8451
9844
7026
4678
8383
5533
2627
175
213
7467
2772
8899
5765
8259
6283
4717
676
1617
3168
7964
8814
61
5471
9947
4542
4456
5407
4208
9714
2715
4412
4768
5082
2488
7288
4231
7264
980
6395
7464
1303
5682
461
4936
434
8658
5649
5063
9421
2704
8040
2418
6868
7571
911
512
8779
2668
7462
8198
2884
168
417
908
4192
7368
8204
9297
8333
6819
7260
2788
5649
9422
1315
2646
2116
8571
2797
9382
1692
4969
9980
9302
591
8320
8496
3886
4690
8365
3005
5561
4894
6011
2837
2410
1722
5048
1765
8368
4724
1749
2162
2354
4436
2615
8814
7131
9633
8612
1477
8259
4670
5821
5305
6385
4787
4817
283
1311
7777
2882
4890
978
190
8429
4271
9589
9217
3034
7600
6076
1745
8562
8389
7348
3824
2460
5885
9557
3747
3056
5497
2017
7350
3570
8177
2070
7615
98
7479
600
3427
3715
7075
8622
5068
9251
6183
8741
7262
4501
5828
3224
3618
7162
612
9160
2602
3913
3635
6523
8128
9350
5628
9374
3458
9434
6742
5216
6006
7638
5332
310
9101
2939
583
4103
2955
7094
355
4021
5204
8647
2241
1641
7578
6518
5378
5069
4373
2554
6502
506
6424
2875
9612
1054
8473
376
1543
3418
1823
2048
3249
2997
4773
4450
2972
5754
2008
3482
8
4823
8801
6767
4167
8720
696
5074
9797
5169
4218
3384
1890
7666
7049
7869
7985
733
5622
4020
5979
9340
6401
4580
4137
2518
5192
2350
2597
9344
6750
5819
2321
5699
5385
5499
1386
1354
4325
1451
5459
2871
8029
9355
1765
7694
5005
5868
3550
253
5212
395
3925
1801
9271
5392
5535
9771
7304
4071
3783
6640
1702
6716
8443
4808
8624
805
9217
4907
1908
2497
5527
3194
7851
4999
6566
1452
7385
2843
270
9911
9036
8559
6876
1917
9909
2368
6171
4377
2350
2617
105
583
8862
7158
276
3662
4665
3562
6880
7092
5229
7099
6962
5948
5432
6172
3354
8811
4810
2286
6451
8644
1684
2289
5260
7743
4699
5285
9980
4584
1607
3097
2304
922
9841
9112
776
5770
7706
784
6840
8369
8682
4368
822
129
6394
774
5990
5428
8545
8682
4371
2508
110
7345
4091
3683
6367
6843
9250
7959
2594
7961
48
6118
7923
5608
4098
5039
5477
4364
2975
7786
5942
4104
7837
1703
5729
5651
1843
9416
4475
4291
6387
3883
6075
6533
7681
4388
5418
7364
2684
7825
6721
1393
9974
7057
1132
1062
4358
2018
9287
5318
2510
3986
8739
9724
2995
9930
9628
4026
3717
4934
2715
9202
6539
6695
7728
1332
1976
4821
6102
567
7246
4876
2081
3686
1714
2832
5725
1408
1424
1311
2861
713
9196
5013
7682
3938
7645
2919
3126
3000
723
3210
8116
2815
5590
9497
4063
7419
1869
9267
8407
1591
4084
7945
2905
1356
1711
9067
7010
6894
2611
1777
72
3112
730
3725
5814
9175
3388
1870
6426
56
852
7571
4026
6637
1610
9538
9169
2864
5689
9933
1523
2301
1008
4034
5726
6126
6558
4738
4572
769
4739
1528
7642
6192
2710
5430
8708
5434
3760
472
1424
6172
9999
9821
2495
5845
2719
9424
8148
2678
8575
7581
847
6457
3571
2759
9250
5504
7799
2288
7817
7469
6112
2605
3025
4926
350
6458
7811
1256
3405
2869
8091
4224
3027
1099
4351
4956
418
6499
8212
1805
1356
481
483
3622
8413
1531
5340
288
9816
2099
2670
2205
3851
196
3832
8833
2841
9450
4881
6645
4507
9839
2587
7682
877
551
4815
1234
9935
1859
6313
2187
9580
5515
7006
6558
9966
4849
1333
1502
3457
4264
446
2298
5632
740
7334
7125
9345
1982
3354
3101
9015
5351
6251
8775
2332
3432
7091
9629
382
8286
7856
68
6455
3294
8925
1977
2136
8457
7292
920
678
121
2300
7657
8387
7774
1102
6858
3878
4198
784
5503
6700
1451
4261
2399
6944
3084
4287
6389
2719
731
5950
4127
597
35
9118
5524
434
7915
4951
850
5947
8860
6895
9902
2975
9085
4579
2671
2522
9839
4539
4459
6090
449
2162
5715
5313
3455
9940
9165
4594
3375
2751
4970
5277
8191
9401
369
5822
9445
479
5284
6556
4374
6611
5521
6990
794
9818
2886
6142
3892
6479
8069
784
352
4708
2957
2998
2934
4654
4665
6018
8457
8902
947
3963
3786
7370
8021
6505
9156
899
6511
5111
2451
9783
7729
9263
5848
9860
4673
9054
7688
2058
3179
8256
8353
4843
7350
8658
2794
6595
2223
2728
8042
3593
1385
6862
4939
8039
2360
1719
9600
3940
2479
3316
4709
3307
4792
5417
3617
2452
5711
917
3007
2309
6511
2106
7821
3906
2564
2160
784
2378
7210
8272
5153
5971
6104
1038
1376
6930
1127
7115
5724
7201
3725
6771
8349
4924
2060
4955
8332
5162
950
3384
8733
6042
7546
6732
4829
7818
6856
4302
9866
1489
155
3737
1276
7444
203
6171
6115
5
2577
3857
3098
3984
2539
9750
6801
4007
3454
8304
5175
6522
5413
179
9372
8359
7220
5790
9645
4545
8010
4279
8156
4236
7763
3388
5982
6636
3268
2139
2307
8634
2565
5458
7881
6336
707
5604
5251
671
700
4550
5038
8689
8835
6463
8148
9396
5026
9394
9329
3970
4212
6958
2930
8756
3540
5453
6864
751
9028
9680
6048
3026
388
460
9916
3702
9348
7610
8837
8785
1581
428
3473
4641
7019
8086
9700
7279
9872
4533
7415
3709
3826
6954
5522
5401
5522
7915
4248
2631
8348
7340
1030
5055
9821
4770
78
4204
3020
11
3031
5220
3124
9155
188
1642
7277
6060
6492
5450
8
2870
6072
9557
2153
2643
4049
956
9681
6931
4845
4990
5450
2203
2050
5523
3485
4266
5657
8135
6120
4967
9005
7500
7491
4503
4033
4547
3884
2517
4358
6766
2010
1325
4078
6402
3918
3143
7309
3171
496
8635
8097
1301
3567
7552
645
1927
5620
2336
9507
7124
4136
370
4333
237
3668
1743
6742
4619
3148
1504
8585
908
9148
5149
6056
8993
6609
3484
881
7921
111
1250
2055
4974
4783
1145
8688
4720
4221
6525
2332
6529
2619
8230
4641
1766
9369
4759
2764
3078
6357
1622
4767
965
2639
2953
4129
2737
6172
4698
7794
5509
4380
6120
5382
3104
531
6923
1944
2647
6623
5571
5519
9144
8480
6452
6555
142
1213
7974
3377
714
1399
3030
7872
4535
6876
8172
1898
8974
8809
4428
7776
5809
632
2393
2326
9688
1123
4746
14
128
4593
5604
404
4020
932
1348
9226
1391
4586
9495
4347
9474
3955
837
8509
8681
3403
4972
2246
7090
353
1910
9415
7363
1793
5644
5349
8476
4541
5645
3220
2159
6381
7127
7341
2972
6335
2177
1050
750
2245
7019
820
1918
4754
3643
9438
8718
3236
5861
9089
2337
3110
4537
7838
8053
5153
3861
8866
5143
1107
8577
3301
5278
2302
4082
3022
979
5354
4200
5457
8371
8628
4573
3660
2558
677
6139
6389
9987
2555
4380
4353
3164
7019
9946
4964
3968
2047
4423
9309
6016
2862
8517
6792
2011
6975
8854
7712
3828
8316
7085
2696
7747
5338
6241
2897
6515
824
1179
9589
6442
9427
603
2847
9557
7714
7317
883
5628
2911
51
5438
7203
7240
5244
5132
9062
3334
6841
2759
2414
4282
3702
9209
6882
2337
2401
6168
4955
7657
2689
9740
3325
1418
9889
5065
686
5285
5723
4507
1001
6900
1327
7594
6017
601
6357
169
4041
6979
446
3232
4403
8667
2244
2204
3662
2750
8386
536
4324
9663
4830
8577
4332
6727
6240
7785
6349
6266
7743
9782
6694
2552
9516
3632
5543
341
1902
1018
8887
2618
1181
6944
8282
9743
2578
6229
354
176
3130
9273
8037
5317
8238
6849
1070
7435
9711
8574
1213
9747
3381
7895
3650
2787
4238
3647
3299
185
8978
9042
8985
8516
1102
2664
9569
8041
5858
1774
6099
4177
7755
7475
3765
4601
7982
2713
7443
8341
8319
331
6610
2752
4856
3943
6029
4545
4335
9705
6294
1047
9526
2160
6996
5619
4732
6264
7956
1808
6187
2443
4741
7992
1969
1831
8091
1658
954
6435
9736
1221
6956
4219
7135
3247
3715
5565
2805
5950
5096
9134
116
1161
4435
7876
9637
3046
8618
6504
7533
1571
1362
1132
863
6929
6068
3434
9812
736
6940
8266
4269
7107
3763
8842
5487
7780
9948
5012
2779
732
7913
3547
2972
9632
8512
2871
9748
7654
2123
1304
9548
1343
511
7264
484
446
6664
2820
6694
7825
9704
113
4322
5230
6754
6476
1131
628
7993
7969
2634
4297
4591
108
5919
1173
634
9358
6074
4070
5535
6653
5612
7496
9539
4632
7286
7936
4643
5686
9131
4430
5142
3817
9637
7682
6529
8126
6389
9825
6243
2582
6660
6234
4230
8778
6251
4008
5839
5965
8212
8484
4176
3497
6902
761
3549
5679
2813
1491
992
1015
243
9292
3468
2283
6239
3150
6805
6548
7250
2319
9093
8390
7725
523
2292
2466
9265
3695
2408
4900
9543
8058
9779
2012
9628
87
7309
9652
6858
5318
7788
914
5660
4422
2
5206
6632
5802
9391
6754
8989
5269
8476
530
8122
532
7988
2339
7637
2452
3940
977
5115
2661
7056
4079
97
8175
8482
5631
304
9235
3532
3551
508
7968
9758
5266
4291
8787
9086
6194
9626
8999
2245
6881
6583
5806
1157
2032
4084
1702
2937
683
1710
750
5369
1169
2232
8688
8303
133
2360
8676
2728
3590
6216
7926
5109
7231
5992
869
2549
2169
9105
7782
322
3474
2611
763
2744
6172
2144
2975
4981
5936
332
7586
4906
6413
6978
6280
1564
9245
5710
7736
7487
8899
8688
7143
5599
2491
9060
2738
4834
1103
9122
2034
278
2766
7033
678
4018
2816
2830
8912
8897
3716
3141
536
1835
1691
4856
2070
6330
8925
9602
9612
8480
6820
9788
595
5786
2468
1226
9116
4797
3997
533
817
6043
4871
7372
2769
8993
5318
7813
5976
4080
2553
5312
5635
2653
3888
1290
1422
2982
5926
1908
3836
9082
4007
5731
7287
4262
9930
1505
6412
5040
8653
6707
9748
3093
3556
4664
4477
7635
4037
6350
4697
7238
8143
5251
6252
5225
8176
5003
3271
9663
4917
1401
9344
9503
2898
6401
209
1286
4189
9146
704
3320
8203
6244
7513
5120
8093
3613
3159
9409
1397
9796
557
2196
3836
1153
5140
326
4739
3006
3189
4702
3860
3749
4923
5633
7422
5407
4418
3685
2013
6777
4218
2427
91
4259
7025
347
5748
3249
1641
9750
5332
6990
5795
6701
4855
3998
6778
1805
9122
5503
8280
9911
5716
150
2211
2064
1839
3680
5540
8833
3089
4943
4804
3822
4340
6352
2232
9469
6624
1614
1831
2257
8701
1478
7163
4457
5749
4766
3236
3969
5581
4990
7036
4650
3264
6004
6722
7219
5718
2646
8274
6050
704
9047
9531
7757
5821
7364
9863
2291
7124
2758
585
3099
4338
8711
3028
7787
3177
1387
1016
3181
5149
1453
6825
4341
8843
9552
3687
8106
2527
7743
6237
6631
1167
9983
7460
3830
244
7836
3871
5692
2416
1314
9469
952
6796
8603
1943
9109
7301
7646
6742
1222
8464
2205
2920
5356
3122
4996
623
2066
7135
1459
9901
3071
8576
9833
5739
4710
5479
7046
4914
4163
3507
2736
8878
2977
1939
537
7069
3798
5910
7635
3165
9814
5133
9117
9253
2964
6210
4906
3149
4695
2290
1619
230
6871
812
6372
2843
9737
8848
7941
4576
6749
866
6109
384
1257
7568
8481
9587
7801
4358
1838
9823
5721
6159
391
1073
8650
2009
1557
4741
846
3020
1880
166
5716
823
9253
7566
32
841
6446
2062
1561
7695
8000
2166
1834
376
492
8151
3792
3692
7156
4977
3758
3043
6737
3852
8276
5959
595
6624
8855
1339
5078
703
1512
2206
7747
6063
8893
1291
7863
8150
1384
1936
3062
4097
4154
8390
7008
3206
8680
5789
887
7620
934
8535
3217
9118
6797
690
105
7558
8593
8299
603
4856
2317
7299
442
2626
657
5906
2206
2474
8347
6471
4935
10000
1837
4379
3596
9619
9008
5972
7899
9496
4272
7566
7192
2653
6440
9036
9926
7794
8915
7770
8785
5330
5553
935
9164
1980
3361
6804
829
5136
8752
1439
7065
8040
3138
5381
2790
7586
6698
949
3107
4357
8024
5151
3878
1976
9810
4669
5240
6321
8699
246
9983
6532
8412
4679
2399
1795
8052
6836
3538
8337
7009
4760
5954
819
5288
721
7343
8898
2673
1093
3021
3630
1852
3064
1888
4377
8056
8999
8288
755
8238
699
3674
157
8025
3298
5375
2139
6747
4802
7194
2469
847
7587
9861
5709
7911
2693
391
452
3695
2283
1969
3870
4769
6361
4192
8904
7738
6882
5423
7607
7337
3848
8965
9671
2388
6287
9817
5384
6824
2317
5275
1444
7111
1640
1915
4261
3794
9882
1965
7041
6175
1021
1228
4026
2265
2981
9040
1170
9143
6904
1405
1207
9744
6476
3797
899
9338
9017
6120
4365
541
6966
6071
4162
1196
4787
518
7257
6877
2067
8458
8874
2795
9720
4509
8089
620
9879
2010
5722
2798
6847
5319
1775
868
8672
9495
3624
174
1220
919
1219
1988
9558
1604
4937
6751
6576
7737
9520
3740
7396
6351
3873
8462
1531
8671
4486
6590
7157
9955
2615
9844
7675
3967
9531
1138
3155
1617
5727
3087
2771
9033
7661
1167
9304
1803
7048
6680
9617
3299
5122
5433
3843
9765
7089
755
3049
9347
9297
7251
4466
8543
2248
2443
7833
965
2028
6198
5149
123
8195
6726
708
1956
114
9304
8521
9355
1585
82
4229
3435
6318
6194
6260
8129
7354
4969
4759
3512
4369
4733
249
6937
945
4150
1923
5327
2479
4724
8996
3594
7647
2472
643
8636
9697
1226
2189
9715
3586
7605
7215
2131
2022
6608
6165
7007
8204
8785
996
7180
6284
1175
41
6766
4830
7738
6125
2558
7118
4055
8401
769
1480
4864
66
2810
7461
3240
2167
6732
6621
6145
2510
1328
9633
2914
6483
5187
4354
2697
6036
3965
9430
157
1322
1674
1448
1943
6070
2486
4735
6372
6831
894
8069
5025
7204
5656
7710
2929
2908
3171
845
238
5482
4312
9906
5973
4217
417
7552
5061
5802
1318
1136
3809
1443
123
4129
6770
1098
7488
1048
1549
3917
2713
2888
7885
5512
7860
3607
9676
2252
9719
4762
4874
2718
9279
6846
845
1723
9322
9450
646
5595
2811
6305
6313
3337
8601
4194
659
7278
7622
2342
782
2710
4008
7390
3342
1830
478
5484
3201
4495
9980
6407
8441
1651
1456
1847
7714
9003
3416
4929
3941
8416
7417
4218
7121
7489
7847
1823
1092
8120
7701
257
6603
5448
5087
3319
4090
3392
489
2438
9284
9539
9030
5497
2953
6208
9032
785
2791
3236
6029
9617
2314
4441
5993
597
7157
9571
2395
6466
879
1579
8349
641
4343
6784
3354
2055
2044
6845
3310
4865
6648
4514
2251
6218
6680
8836
4441
1752
4318
5124
1514
9680
6169
5921
326
1460
9883
3220
420
7721
1980
2492
7956
2028
1310
2400
3934
1820
9698
7871
7860
830
9238
300
5442
3688
661
6065
4049
2418
5330
1600
5226
734
2596
5333
8254
4664
7459
3982
4005
1387
6932
2179
9869
6465
2479
8290
6284
9149
9824
8769
7884
206
8164
4731
2197
5283
9656
3666
7354
5659
3750
6567
9472
1093
5735
3286
2259
293
206
2045
1334
5974
405
1872
8172
6817
3956
7899
103
9935
343
1256
8588
1377
4191
5031
6406
3751
8205
5953
9433
5198
1118
2848
9735
319
4686
7992
9506
8569
6030
1954
2247
8032
4029
7677
5401
5126
5457
5266
3474
9264
9958
288
8744
2887
1999
6460
7268
9528
1746
9670
9005
7313
2466
1945
2348
180
363
4977
9820
5368
781
9405
2391
9664
6374
6996
9830
7662
7062
2072
1176
7792
8064
1151
6151
4741
5182
5498
2740
6275
2895
5951
8317
6407
4238
8662
8301
5977
1566
8126
6001
9577
3949
1134
7942
4679
5747
1674
9141
6945
6282
5041
5955
5568
9649
8935
2828
1314
8593
6678
8737
6203
7526
9954
2132
7906
8867
5814
7733
6671
9658
221
9684
6781
609
2739
3327
8692
149
9109
5206
9591
6796
2899
5165
1063
574
3367
2643
4369
3834
6935
1200
8524
2098
2670
4417
8166
49
8771
6842
3151
719
408
9519
4068
9235
3917
5306
3159
3206
6653
8982
2089
1940
1905
7720
27
1555
3350
4962
8505
8744
5320
5861
953
390
1498
7716
9734
812
6882
3393
435
3299
7879
2976
1846
4025
923
9317
2287
9613
1801
2851
2287
7378
2411
9996
4065
963
2570
7942
2366
5346
5367
9020
186
9458
3230
5310
2277
6537
2258
5539
8729
7365
4054
2518
2934
4395
4777
5019
2088
7349
9272
8660
2353
859
3080
9381
1736
6538
237
3445
1555
2591
9161
357
2432
5576
9073
1049
9681
9549
8989
3346
2010
9856
6620
6047
2238
6487
1154
5912
260
7224
9391
7802
6002
268
7106
1143
527
5115
3231
6540
4804
7337
1606
5059
577
4905
5495
6538
5617
367
9946
4713
4865
9000
7438
9640
6178
710
4320
1731
7263
4539
2027
9715
4848
1052
4748
3998
1576
1911
3995
4189
1508
1978
33
944
2841
6592
6191
5337
2206
8795
3016
5574
9527
1035
509
7095
2209
2787
7543
2712
2997
3558
8432
9236
9897
7321
5545
2911
5930
4566
6446
9436
628
5647
8491
8935
9114
6011
9085
1336
6373
7582
641
7831
6181
2311
6908
3402
138
3212
7731
4356
3350
7863
1290
2188
2376
5132
8850
69
8198
774
7941
8273
3271
3514
9792
2357
8771
7582
4528
2719
6882
4795
8258
4027
6828
5116
2717
9595
2152
2646
5527
5298
8898
2034
7426
8380
2240
6087
5261
5711
7910
8531
3885
464
2287
340
310
1799
7616
4233
5442
1034
4384
8517
3918
4395
8443
8062
3392
8999
633
3632
6472
6552
6336
5202
3649
423
8775
5064
8469
8555
9981
5317
1791
2029
8854
1585
9128
6031
3753
1549
8020
3396
1919
2529
8114
430
8886
7047
9225
8717
1392
2412
4905
421
6615
140
1242
1695
5758
9863
26
4234
3105
1136
5911
4640
1555
6324
5805
2238
3650
7752
4789
3888
5308
9729
7210
4615
1738
4246
7114
198
6457
3419
8104
535
6644
7460
7646
7139
8311
7211
9556
6351
4436
268
1138
2553
6986
6387
1778
2552
1596
3504
703
432
2143
2311
5120
3032
6798
5486
942
7597
3272
4209
8387
8559
9328
470
7380
5820
2564
233
8783
7901
2365
1226
1113
1156
9192
7677
4851
6584
9410
6944
658
5806
1760
2724
2245
8562
7660
2876
1795
7151
3313
9678
5331
465
4866
4022
8712
4858
5308
4022
7298
1276
3905
4009
8754
1045
1559
5163
4407
2586
6010
2672
2516
8868
3550
8588
8495
6767
927
3135
3665
6047
8963
8716
6336
2833
6696
702
6458
1078
5920
6664
1063
9334
6025
1764
9373
7123
2691
1965
1964
4399
4493
7652
855
5623
8059
351
3823
3837
4098
863
9185
1721
4447
5950
4996
9861
4489
6566
3776
8491
6654
1443
7889
6363
5111
6162
8228
6701
9210
852
1320
2055
4971
4640
6391
1235
5678
8142
6163
1058
6743
9409
8011
3571
6167
3710
3275
1013
4171
786
8502
6838
2384
6910
6367
7757
6491
1877
9004
7007
5489
6509
2647
2799
4514
3544
4680
2274
2916
2587
3915
559
5701
4965
2584
7484
6465
1428
9741
743
3182
8686
5357
522
6671
3834
7981
8356
522
6969
7507
7628
7342
7611
5263
249
8840
1251
1254
8162
5846
6877
1033
3472
5327
5716
2948
521
1644
8093
4509
3612
6263
1262
9367
7525
3698
7050
9144
6560
6565
7200
4958
6274
3211
8084
7285
3123
8537
4637
8227
2679
8691
4166
2416
7110
3741
6791
7572
5241
628
5558
843
5275
4758
8415
5733
4186
9188
2184
9046
4508
8692
2163
5145
162
2476
6987
9110
7109
4735
8435
3198
3325
3462
2281
3413
6811
8605
4721
5466
813
290
8681
117
2877
7751
2380
7151
8408
2575
5220
2668
6538
342
825
9180
1811
8429
6322
1637
4628
1206
159
2486
3262
6897
3442
7483
9184
9768
829
4136
4101
8031
5329
8425
6251
2187
8977
6792
5192
3923
7064
9823
8132
4111
7622
9371
6620
9979
9243
4655
3650
1207
5469
475
9969
4047
4279
8347
3457
1502
4445
2750
3994
4070
6032
7359
3994
3391
849
9424
6389
1987
9491
2126
9062
4887
5985
5699
9811
9321
55
9247
1401
8274
8783
1084
5243
4238
2902
5082
5150
6937
8848
6707
7426
5341
2406
8674
1588
4180
307
9454
842
4092
6503
581
9106
8842
6006
1848
4451
3533
3884
9970
7644
765
4056
4589
4687
8296
2344
5763
7747
6332
7919
7709
1383
9828
8759
7512
8765
6495
8391
8392
481
8918
5076
4782
6533
1429
924
8979
9343
7889
4320
2840
7098
3410
5095
3051
7516
9492
7963
2109
3149
2575
5216
3543
2091
942
1281
9201
291
4520
8337
5461
5496
7960
4679
1312
7611
6522
9641
4558
1686
2971
6524
7008
880
6580
6004
6003
4257
3250
6808
6018
383
7918
1982
2653
6551
4019
3083
3815
3962
4023
3128
9489
415
2845
6728
7477
958
3502
5326
1229
3531
8836
4560
6615
2079
7687
5310
4037
757
2923
8993
2655
4027
6611
4895
2890
7048
8721
5480
3530
821
3514
5976
2051
7570
5040
7572
5673
5847
9271
5935
4634
9563
9534
7428
5133
8434
5633
6030
5397
3944
6078
4813
2445
1305
8004
938
8210
8878
3948
3979
2235
3700
3655
783
8918
8072
3118
9370
8644
8576
450
2970
6662
4059
5267
7210
1994
5812
1321
311
4371
8909
4344
4408
9296
1559
7660
9644
1003
909
9552
1200
5489
7354
9429
5117
626
9870
1237
3499
903
7233
7581
9763
6163
3167
3002
553
9633
3540
5884
8499
8623
7742
50
7651
4609
5777
8219
9487
2675
507
2213
1280
702
8552
6968
4240
1790
4545
5012
7073
1345
1520
2761
6054
4610
7546
9907
6704
8632
5475
5001
429
3241
5993
3891
3882
4992
3846
7906
7352
7101
4796
5975
2813
6721
9661
1910
9925
6248
7752
6017
7838
8312
7128
8387
7879
9516
2851
6361
4509
9575
7548
285
261
6772
7985
1884
8883
7788
3600
3277
8883
5318
7385
8942
1126
1866
6669
7984
6558
7605
397
6952
984
8282
404
3005
909
8705
7769
2355
6684
5388
7089
5407
1224
537
8089
728
7070
7935
5282
3616
9167
6536
7465
9659
3423
8086
6472
327
4039
5638
9366
7010
8078
7902
1996
5246
5843
4090
1716
7356
8440
2567
802
7417
4076
6813
8007
9130
8273
5916
1860
4463
5846
4871
1080
5223
4023
9475
7864
3733
9116
8616
2849
5368
622
5891
2865
4185
4541
8996
1459
6710
1855
7839
8441
1676
3937
2430
9484
8443
9406
8910
2974
6778
731
7179
5118
5352
1284
6064
3160
9375
109
9614
4146
9385
8778
8219
8914
1166
1127
2979
1479
6326
9365
3031
4667
4886
6799
3656
8757
3555
4318
6847
2065
7328
2364
1316
4864
9350
7529
9527
8629
7041
5961
503
6962
6698
7495
200
7747
7831
2304
1384
89
3577
3596
529
1995
5483
3440
7841
1373
9237
5003
4440
6007
4212
591
5118
9953
7991
1861
2626
5763
4321
8844
2303
6489
6572
1727
5338
5805
7759
9746
6788
2982
8531
8890
143
9136
3535
9125
2582
5797
8966
2921
7868
8326
4065
5218
387
5546
9203
2697
8309
7598
9667
4148
2104
6277
4381
6645
9702
9149
8030
4410
1130
2928
9542
7864
3535
7311
5969
5967
2170
3371
7280
835
1740
6091
3310
1182
7189
4493
5846
6039
7779
8282
6627
3561
8410
7758
2800
497
3907
5188
1506
6675
8269
9166
1465
5803
7832
8764
9637
4863
3516
1544
4551
8145
7
7885
1442
5300
915
7681
8421
9411
1763
8616
1658
4641
2123
8728
846
7496
3884
6465
1554
6223
9680
3141
890
5529
8608
2246
2584
4695
5123
7374
7340
7995
6552
7294
1866
2136
2252
1396
9411
4603
9203
1581
89
1440
8364
1819
8815
133
247
492
1947
3742
5785
5540
8688
648
5448
9283
5497
4713
6161
813
1953
6917
109
4871
8934
9526
5754
3864
8036
7228
6132
9755
3754
752
7960
5899
600
6820
458
8552
4492
4623
640
634
2505
9590
2639
1807
5614
8801
1976
4450
5162
9769
753
9148
2619
9223
8303
2550
11
7879
4296
9032
1751
5367
5497
9401
6175
2035
8246
3709
4817
3821
195
8206
7097
1107
651
4431
8380
774
3363
2729
6451
9755
8106
255
9105
1397
7605
1730
9347
9848
6323
9771
755
854
3506
4363
7894
2059
5107
1660
5681
5450
9858
3198
540
8183
4210
2445
6847
8089
6997
2770
5962
5469
7799
4080
1395
4048
5457
1790
185
4157
7143
6671
1332
9548
7944
1366
9689
7672
2520
1474
4454
200
9542
9673
9444
8881
7508
7757
7617
2393
8715
8764
7495
7066
1142
3037
9938
4753
1902
2873
1244
48
6766
2151
9717
5305
3825
3040
4114
3544
2881
8363
6842
2504
7776
8032
7711
2479
5203
2802
2585
2374
3538
1694
2358
546
40
5050
3890
2081
2052
2977
3316
2364
7245
7479
3960
311
248
7627
7720
1466
3420
6427
6733
1026
5776
6660
74
5069
8998
3456
6050
6289
5470
7846
3243
82
8650
8087
3215
7983
4024
3661
2436
8093
3563
4489
3294
4842
9666
8870
5383
3810
7249
5133
9902
2199
781
9336
1558
3190
6860
5134
2768
7764
164
2921
9714
2871
9285
7163
1619
6498
5967
9182
4131
2346
2221
6787
9341
5658
3029
2860
3762
2906
5005
4979
5352
9040
7
9649
4681
2609
8802
5102
292
5167
3991
6374
293
6429
2034
6187
7340
9779
1432
9080
7910
9388
3525
6214
5287
8415
6558
2087
445
2965
3052
919
4962
4027
1166
8809
8200
9792
2665
5922
9844
6317
480
8345
7952
2074
9412
129
4491
11
5377
9191
1921
1217
3281
36
1088
2230
4099
9176
1954
4992
5203
5092
6470
5761
3731
1208
3049
5854
47
1153
6278
2931
9792
8105
7514
5277
1955
1473
7970
9163
8334
2122
6686
7219
4901
9340
9892
8442
348
6018
7819
5262
5903
5432
803
9895
99
6287
565
2402
7662
4497
5884
70
1211
880
52
4874
6245
7734
6474
1097
4635
6851
7062
4787
97
2961
4965
6502
7498
5255
2882
8634
5922
1138
9153
2420
4248
8405
1833
7635
3725
2914
6854
5650
3640
8176
2104
5558
5687
4354
3006
7016
3085
9017
4542
8926
5441
6476
9851
4986
6107
5945
3546
1201
7768
3327
540
8129
9359
1603
9883
7236
9690
5362
3456
3269
5275
228
5929
6889
7244
7374
4526
3191
3536
3939
4593
8146
1879
3025
9062
4155
2266
725
2918
6607
6995
5314
3093
1127
2882
3682
8863
5097
9804
4798
9027
6701
8930
1366
3126
7284
308
4728
9218
9523
7699
6967
948
6409
8516
2784
9903
2863
5909
500
6847
8108
2250
8788
9100
9039
1474
9867
9734
7021
8675
8262
5452
9164
5637
6058
7268
6972
7120
9836
7496
4361
3954
8374
8973
7512
8549
1688
8483
1699
2966
9536
3607
7374
7071
8474
5144
6427
6214
9923
8141
8183
9035
2335
2667
2961
3014
3861
9268
2842
1075
6966
4799
1181
7735
4512
835
2444
3051
3257
5263
6539
2947
908
4532
7781
2481
5610
9635
1197
5691
1791
3074
4371
4686
1496
1475
385
2078
5659
9247
3983
8116
5191
9054
7692
8789
8013
576
1793
9178
4377
1434
7115
70
5865
4829
6154
6233
70
6260
5851
5739
8144
5900
5072
8590
9480
2919
2750
409
3475
5439
5822
1655
3965
3571
2892
194
3604
3751
8967
9663
5305
5292
3231
5838
6857
6578
3728
7624
5765
4803
7725
2918
7302
649
7873
9806
1983
3785
597
2055
2715
4070
5005
4931
3363
8517
5517
6900
3527
689
6595
9935
5227
4672
2105
560
7940
3844
8221
4464
7685
6855
4702
5416
8418
4238
8457
1397
1862
4362
3986
6198
6337
6119
8364
6473
6867
6189
7374
1776
9859
1437
733
767
8793
8688
8522
2923
5418
6640
6706
6182
1764
6843
7891
9493
3594
4830
2946
1041
2479
4754
3419
2954
7157
7576
3134
2443
7702
8678
3620
8166
2316
2203
6726
2756
5790
1999
1362
3824
9059
1270
2181
3082
7905
6980
5771
7588
9861
4482
7667
8775
2966
1488
7471
4126
9204
9156
9301
8577
6374
494
9562
3277
6586
941
7998
8170
1801
4274
1062
1753
714
4637
6339
6923
772
1679
5946
3128
5665
3639
4154
1413
4823
9474
2567
2962
2922
9295
9001
4315
1606
2124
450
4706
2528
7653
8248
7642
1000
7432
9029
7516
2932
210
5174
7974
6481
3050
5236
8088
289
248
4949
1139
4808
7248
9593
6670
8784
3300
1958
8212
2342
7343
1624
6595
3489
9853
8155
2533
1995
5270
2111
4059
5360
4801
2168
9601
1754
871
9088
5445
4066
6316
4398
4369
9270
4618
1484
8126
6634
5291
7601
8151
1096
4854
6429
9870
4906
3778
7325
3830
5835
6412
5969
5370
4612
9027
2940
6540
6000
3416
674
1840
5419
481
7693
4329
943
8344
2
4069
4083
2081
6458
9189
4742
697
8828
5489
4798
9644
4074
6889
2316
2368
4280
154
681
6466
793
2306
5828
1735
4163
271
1793
5250
8203
7656
3107
9553
200
9978
8525
5666
153
4669
7594
2778
2383
3017
8588
8360
3031
6099
3256
3873
7943
5905
4912
7598
2361
7449
6501
9721
937
8146
6495
4168
1420
8394
6830
3950
3931
1613
5777
9461
5330
2892
8264
9269
5480
9266
6113
6773
2529
5833
1329
9216
5877
2712
5386
6373
9586
4856
4107
1824
722
8611
4665
7074
7350
1369
2456
2091
6573
5639
1916
1647
9908
4972
2126
737
6337
1314
6105
7257
5010
9688
5014
863
3898
7603
5227
3567
3237
8191
7324
3320
6604
122
7921
8708
2731
5404
4353
267
326
3145
492
8133
9398
1997
7580
5246
5570
9289
21
486
4238
2166
1057
1923
4867
3150
9518
4937
5837
7787
2761
2596
742
9117
7010
8119
2808
8577
4952
1080
1410
1603
1052
7721
6297
7339
3964
7431
5983
9298
394
1092
9185
3565
8671
7140
975
2505
4683
2980
6117
1237
4120
4062
2264
3587
4616
6380
6107
1935
3566
3372
27
4651
8975
3617
9375
5746
7618
1780
9604
8531
1525
5326
8135
2995
8631
7900
7950
6989
7945
3801
3284
8442
4076
9873
5688
9476
9457
2518
6551
8121
5115
7337
2130
2954
8151
6
873
512
7652
4997
9964
6828
3021
6057
3043
5146
5605
8327
9736
9213
5832
5215
9375
8495
8678
5956
4021
2318
7979
3668
4316
4887
3980
778
4281
9729
1867
6151
1363
1034
8746
7325
7864
9302
4774
8075
5643
538
1470
5924
9876
5750
9316
1279
5124
53
5367
7444
2970
7467
6800
7234
6937
1861
1152
8218
5332
5028
9146
710
411
4074
2184
569
7153
9979
4612
3060
1982
2557
5405
8992
2719
1222
1606
415
4082
2934
2147
4263
731
6118
7701
508
8304
610
8588
6432
297
2075
4470
4668
7265
4790
9763
9787
3680
3799
7427
5108
163
1169
5354
2837
6842
7846
4117
5110
9795
2557
8587
7076
5115
7865
8975
6100
8796
9285
9100
717
5737
4382
3477
731
1102
9427
7720
4767
1919
9125
3006
9513
5376
7703
393
2521
2398
7458
7304
1802
9084
8382
5292
9201
116
2922
2298
6380
2663
6408
7345
4171
5552
4444
432
1629
184
1921
3474
5825
7706
45
6594
9666
604
9410
651
1595
544
628
4408
4382
7020
108
2062
7540
7280
9491
7965
7569
389
3187
5934
7924
7866
5142
1923
9859
4808
1222
291
104
8128
3604
757
4411
2486
6934
915
7233
3718
8849
4117
3642
787
1558
9244
9501
6930
4304
1116
7390
3772
5685
9071
8118
6102
2130
3192
6348
5620
115
8504
3679
9887
18
9159
5907
7722
9523
1024
8754
2843
7391
9053
2367
3805
656
1147
7912
4584
1375
7381
6951
6257
2335
9865
4007
7300
6557
6358
8566
9305
6472
6000
6755
5119
798
9132
4755
8425
5718
9142
2585
3135
1381
1740
9567
2498
7536
5399
207
8758
5591
4347
3897
4367
9662
1158
9193
3815
7864
4199
9486
1386
6836
9179
8544
3005
7709
1285
7043
1969
3920
7196
3100
6022
1486
4350
2221
4136
9799
4165
7347
1119
5884
2610
9106
7716
5986
3758
7613
8893
8133
7758
6778
8047
4844
1975
1184
207
5650
6019
1919
1741
4667
3949
2711
697
347
8617
3291
8790
2870
7259
3944
5825
7006
4276
4930
5648
6317
6090
9995
720
5464
3898
4870
9965
8638
5143
7086
239
3420
5250
8467
3332
9764
206
5791
2267
2856
3742
795
5238
1540
6573
8563
261
4705
3205
6734
841
9221
521
9660
2636
6953
8500
9850
2895
918
2730
8273
9660
5253
1749
7403
1873
7609
5776
7391
7938
6460
9679
6788
5542
522
3146
2178
3246
4033
6260
367
8107
5888
1196
4911
9471
9235
4628
751
6919
4501
2164
960
7022
1602
7160
7602
6812
6981
7900
5549
8969
8774
8510
569
1059
2893
2403
869
7647
1440
1604
6292
5084
4146
8041
6952
6820
5102
4068
6655
1583
6910
1488
2520
9149
7206
3102
8218
5874
6164
7823
6666
4515
3761
7864
5870
8670
3257
8043
4814
3903
7957
4172
9106
7167
2835
2896
1384
368
1285
4291
6356
9446
7607
6297
1827
9926
5542
9977
1357
5421
4782
7117
1477
8392
9525
5250
6990
1932
8055
8369
8386
7873
8243
7831
2573
2811
2985
8232
9057
7526
8714
7630
7679
5110
4179
3045
4375
9660
9465
4968
4066
3034
8281
7818
9752
9868
8387
1521
8398
7304
3491
9679
5563
6483
6463
4330
7139
3562
183
3016
5409
3363
6566
614
3574
4806
8711
8561
9885
7493
9633
288
9958
95
357
6356
1956
5994
9882
4402
2205
8407
8147
541
9698
9023
4490
5909
1460
7597
4856
471
8179
9684
3076
8270
6081
687
2605
8799
1064
5386
3823
4441
2536
5377
4288
4374
7273
8290
1356
585
514
1772
6352
1098
3355
3192
5272
5690
2987
2616
6916
4449
4501
2241
3267
673
646
5181
8176
8987
778
3878
4105
3330
1447
5226
4661
9718
5879
278
1167
21
2027
4742
1489
4695
5025
2150
1092
6577
6734
5824
6091
9338
5608
3905
2232
626
5098
4723
7732
9509
7331
4523
4250
6034
3609
2523
9251
274
2292
1471
2959
4415
2564
1194
5655
736
9631
2857
4187
5969
5099
4675
418
5791
2059
8699
268
8448
94
9409
6627
2676
7451
3162
1114
6579
4081
2774
8177
6040
1932
6185
7037
8628
6290
2123
2987
7588
1531
4518
3343
6733
717
9384
3255
5674
9358
7833
915
6294
3444
3767
7539
756
7107
7652
108
568
5090
8073
212
1879
4173
5603
4189
1702
201
2597
481
726
1154
7673
673
1891
5655
1522
7916
85
1931
5191
4231
1536
5072
5931
2633
1607
4144
6217
5323
7132
6628
6868
6606
2798
9471
2157
8428
1351
4126
9425
7221
5267
2114
2900
308
9132
6728
3628
8660
1497
739
238
5750
6062
1428
2017
9285
2503
7368
1246
4214
1211
6212
2636
4746
8800
6191
2879
9901
2243
2783
3632
4927
9893
5032
5702
6713
2088
1185
3022
6593
590
4995
4267
5003
5882
7266
7414
1428
9551
8577
2722
662
8111
788
6708
9109
9501
4949
6307
3946
8427
38
1042
3600
8219
4728
9735
4794
4133
2004
8698
5600
8671
7965
3217
5781
1629
8179
924
5766
4432
784
7171
235
6079
790
8497
2308
4062
1113
9074
3735
4841
7335
4788
6806
8604
2034
5361
1436
7163
6752
706
9535
2206
3272
7346
4179
8461
5055
6948
5737
548
3427
3911
6666
7234
8259
7502
7404
5009
1919
2977
4525
2911
3016
755
7096
1019
5962
2600
9609
2009
8872
9710
8371
7964
1622
1566
8798
2611
2522
8893
6167
2818
1151
5918
8377
9752
9741
5846
2450
6200
237
7160
9984
7177
8502
8015
2389
8432
7297
2818
8319
1591
4173
4480
1218
985
573
6202
7192
3909
6649
7296
9432
6961
6535
8176
4694
5490
7346
8727
4700
3042
3130
4752
1654
3710
7374
4031
6357
2576
31
7100
4899
1427
5897
8518
5395
7111
6134
143
7745
6285
7571
887
6236
3324
1510
638
1386
7916
9901
8510
4274
6771
3672
2128
7815
3898
3823
4129
9522
9230
5559
4617
4718
2160
4589
9301
9087
9844
1707
461
6775
9635
7703
5797
7880
1993
2624
3385
398
6634
9692
3750
3825
9549
3620
5740
5444
5757
9155
5833
1779
449
505
7355
9986
1
8405
8126
3905
2051
3642
409
1535
1501
3990
387
3371
4250
6691
9790
3981
7267
5185
2453
9923
7181
8736
6646
3147
1285
3094
796
1486
5404
2035
1874
4030
5746
7556
3105
8197
7098
855
9370
4980
6529
321
9715
8831
2077
7518
792
4090
3318
6469
5936
8517
1502
6682
7856
1216
1478
8630
600
5525
7889
5679
8319
3961
8725
7384
3866
2478
588
9610
2995
8854
9788
294
4251
9944
7384
7078
3929
4557
6583
4246
9883
1780
4220
7449
6443
4287
2716
5170
4788
4552
3645
6039
7497
500
3346
5277
3037
4205
5372
6189
8502
8107
5079
8856
5848
2489
4036
6069
5930
222
6532
3468
9090
6943
3632
1258
6370
6125
1383
8568
8834
9508
2433
4035
6204
926
4731
8224
9021
4636
3122
8648
9725
7103
4894
4870
1832
3292
5081
9717
37
2196
7948
799
40
8657
784
9903
5357
885
6641
4394
4433
1122
1874
769
3960
3667
205
6968
4936
6763
2226
5467
4392
474
8244
2988
2331
7820
2657
2010
8813
806
9440
2693
9674
6084
5917
3030
5295
2601
4157
6583
3301
8579
6251
8803
3671
2762
7085
8665
3975
702
2624
6074
3262
9801
5136
6266
3552
8975
1442
1998
9403
4381
4922
455
4791
4663
2004
8870
5416
4620
3205
4822
8709
3750
868
7112
3031
715
360
3754
1864
7597
9466
1949
4214
7713
1472
2324
9040
3113
1400
3051
1944
1315
7676
7980
941
3624
7797
5923
3997
2509
490
1541
4916
3613
8749
8115
349
2882
4726
9135
7386
1046
7796
4250
6766
2494
6347
1861
8591
8382
8814
8419
4920
865
3815
2396
520
8516
3579
7230
3633
2177
3478
3111
3999
5741
3725
680
5164
5502
9121
5552
6631
2871
5343
4266
1910
4073
5526
1456
4480
5530
3782
2667
9751
6850
5819
2171
6318
5171
8460
5815
4569
7530
7553
9170
1646
9328
8977
7984
2711
1795
9202
7567
220
5662
3980
4143
8817
2466
5553
1291
1737
5857
3907
3975
7737
4073
122
3717
5685
5175
5715
693
7524
4226
2019
8286
4623
6387
5795
5994
1543
1960
4015
6574
9300
1603
8087
3429
4243
346
9394
8303
4682
7250
8695
5505
4987
3088
6916
1830
7144
8476
3315
6238
8796
8791
7920
9688
7138
1294
6429
9473
5117
5383
1722
4539
6192
3591
9711
4753
2619
3882
2506
1924
8346
9346
1831
3265
8238
9040
7800
4315
6340
3622
8436
8644
6602
8823
5867
4821
6952
7280
7816
8578
7288
2165
4630
6391
6495
4150
4111
4796
7732
7887
3296
4945
3169
2804
463
2313
5070
3565
3189
8722
6782
9565
4468
4944
8269
4481
6952
4034
8469
7647
3085
6645
6703
2198
426
6803
4193
9084
4083
7488
9502
8324
9220
1521
6994
8536
389
2498
9722
7751
7709
845
3114
4584
241
6446
7421
4729
5806
1293
3074
6055
3235
3031
2436
5827
1144
2948
4485
486
6894
8391
344
4856
2324
1532
753
3686
945
1915
2382
6172
9804
1142
1445
9891
2935
5288
849
5664
2011
6097
9279
581
1733
9308
1694
6316
6776
5666
7688
2885
7628
7239
5196
4977
7436
8067
6233
9328
814
2955
9031
2022
4840
5997
1272
6684
7173
9427
7264
5255
5560
2363
2661
93
8362
5264
1949
1260
8247
1259
9865
1812
8208
6927
1707
9065
9878
3980
2893
6843
6892
1739
1932
2168
8160
7594
5305
6179
8800
6412
2812
4785
1399
6191
5537
1905
2408
202
2317
2288
298
3574
1918
1053
6737
1934
6582
9792
3246
1923
1214
2269
8445
443
4850
4339
3177
6437
5401
9870
2173
2980
7645
3021
2990
2671
1263
311
395
7045
4239
9459
2328
1437
6716
2351
7027
7089
6382
8072
4135
6516
5577
6921
739
5600
9963
6144
9006
4339
8632
5696
1128
9669
4152
3314
1302
6929
9164
61
6868
8015
9353
8118
5991
370
148
1734
9984
1504
6895
3710
2572
1581
6146
5732
9543
8343
7147
9176
5801
7535
2070
1662
9648
7662
7620
8476
7056
4708
3967
8686
3266
3102
30
8096
1370
5862
4046
9898
1830
9512
252
8410
8817
7618
3224
2174
7349
8767
5449
3150
1186
9728
2282
7960
4495
2815
4853
9752
9747
6026
545
7740
33
5608
5485
1517
8250
8898
1468
101
2818
3100
4327
5090
6786
6969
755
6516
4952
5381
2817
6555
5435
3670
9824
6188
5200
6516
5953
7603
7417
3224
9635
266
5280
6077
9258
9487
4304
8499
644
5916
9023
7551
758
7159
3497
1778
6425
1565
7224
740
1577
7774
6739
4172
8944
6620
3722
9754
6469
8253
6501
1259
1516
8321
4102
3168
2290
9710
4900
2433
9100
3926
924
4893
5100
6958
2002
6547
4553
7069
1883
4811
7093
1884
5014
6741
9870
814
8391
3768
830
451
8498
5332
2407
6211
8197
7083
1621
2617
5315
8200
3600
7166
6216
1476
9584
3211
9878
1031
4278
9309
8300
8683
2281
7333
6577
3960
1100
9206
9419
9579
3963
2346
2826
2483
4249
1624
9443
9286
5584
455
9963
4439
3931
4672
3896
7721
481
6539
1017
6741
3117
8694
1111
1595
3971
4943
4804
4662
1385
8168
8818
8617
8131
6682
119
3676
792
647
5137
1661
5827
6565
3506
6757
7169
2391
1031
9854
1528
6389
229
5442
2439
8688
3861
3309
4187
7254
6853
1672
992
5244
58
261
8755
5611
967
5546
2510
3089
6963
3992
290
4792
6167
4194
5563
6318
6462
7755
5728
1863
6915
6578
3206
2551
2269
7483
1643
3412
3179
5472
2734
9337
6953
1721
746
6768
3605
3934
68
8483
5751
7227
902
4202
9494
6499
605
5553
1593
1724
6159
3549
5847
2019
234
2745
7006
487
7387
9780
6426
5571
6383
8209
4330
9469
6799
2915
6006
6583
7421
9252
2983
8019
9548
4822
2912
1492
6530
4156
9610
2916
3833
6719
1853
4679
9035
6447
5726
6807
7750
1727
9622
2563
4073
7343
504
2477
2360
3347
3052
4482
7699
620
9218
5585
4844
1924
8604
1345
1927
3890
1485
1122
1887
1033
2154
5287
8738
7838
2285
6085
8441
1535
2403
4405
4711
7048
2275
3832
4102
3286
1974
8337
681
7729
4096
9071
9286
3718
1050
4445
6471
5531
5543
5855
4313
7454
1026
5106
3166
3118
4452
3050
1175
1495
4170
778
6481
1621
2621
2805
8635
9056
8718
3034
3100
9723
3805
7936
8651
547
9303
8304
8266
9937
1356
952
909
6416
8279
5684
6708
6733
7891
8078
9865
8467
1316
8068
5602
9670
1
9863
4339
173
7
3638
7751
412
7481
5005
4814
4153
4941
8136
9781
8967
5836
9963
5253
3065
5267
7579
1038
5490
5552
1944
3999
1117
8842
3489
2921
9710
1426
6059
1144
7976
8243
6697
7352
7222
6815
4383
3926
40
2822
2008
4225
9779
877
6922
2293
588
3225
8175
6574
2755
7391
4971
2175
2490
3548
2509
165
8118
3593
1642
6819
3131
4675
2818
1771
791
6857
8079
3208
6081
8036
9465
1410
355
9347
6905
1400
608
8393
6127
4132
1730
4498
215
7138
8780
6978
144
4287
7759
3933
6091
7913
1019
4831
750
3882
2044
9091
6850
35
2366
1714
2024
933
565
3451
1137
913
4374
8393
3184
2843
7929
5601
6052
2338
7002
7781
8580
3528
3054
8104
7295
5723
3177
3773
1617
512
8373
2246
5430
3695
1660
6565
2545
14
963
3410
9671
2909
1409
6959
8904
857
2194
8244
8102
9580
6306
2479
9159
4361
8402
6021
821
1029
5823
3255
8073
7442
5428
2144
8331
4626
8031
2423
9277
4161
97
1732
6987
1316
1595
2574
466
1902
6923
9842
6258
4019
1200
3198
3569
6491
3059
7281
655
5699
5369
8423
5565
4437
7521
3013
6523
3912
3808
776
7921
249
6572
2896
5467
4907
7218
1581
1347
7270
3142
9621
4023
737
7860
4601
5793
4846
8292
8602
3012
700
221
4094
7506
2462
9111
13
2913
1858
4140
694
834
4513
1085
9287
4636
4448
3624
9331
1372
6494
3113
2569
8712
3893
4787
4545
4746
1439
7899
2753
2834
9041
6416
7466
9091
2026
1571
5349
6734
3933
3931
6797
7000
4389
254
7764
9460
7378
1646
1772
4656
1225
6860
4199
6607
8650
2640
3278
8294
4552
4318
5209
1534
1927
4281
442
5964
5973
814
1294
9289
6964
6497
127
8928
9158
2482
5806
4188
7965
5201
3473
3826
5286
5172
6031
3590
6445
9923
7106
6141
98
805
1420
1393
248
7794
1739
4651
7143
1642
321
7111
7123
6923
8330
6251
6697
5143
8060
97
1972
6594
8522
3564
3496
433
6503
3621
1364
3585
518
5734
2298
8259
7917
5906
1820
2658
3052
9273
1613
830
3957
3942
3564
4444
9435
9345
1001
3255
3613
6408
8463
7628
2132
3046
1005
4152
3130
2847
4920
3243
7660
2187
2311
6638
6445
667
6681
3752
8262
8787
4497
7464
1620
9859
1217
7693
9391
4834
9371
5165
2487
5120
3167
2014
2538
3468
4254
4268
9388
4954
1865
2857
3053
7781
2205
4697
3778
9994
114
4812
7004
6851
5726
5920
5451
5057
880
3597
5474
67
5862
6596
6713
2767
8104
4665
3007
429
2277
1554
9746
2723
1540
1111
998
5032
9082
1373
7616
8538
2946
3154
4403
8742
6814
9408
7448
4945
3673
9407
3827
2790
7998
8052
6885
3816
9221
769
8682
5918
675
2334
6789
3563
5450
9241
5726
2606
9340
233
3815
3061
4978
305
8684
960
6695
8719
7872
3133
4415
9394
4522
8223
5842
836
6271
6002
3263
2925
580
9597
2398
8797
3966
5872
163
324
2962
3716
3556
3102
2585
7194
4402
6283
9850
6503
8160
6847
7818
1070
5609
2124
9950
2737
76
7833
5922
6149
9688
2887
8609
7354
5962
6230
3229
1737
768
610
3967
4033
6699
6984
2485
8937
477
9352
6068
3817
180
3989
7167
8451
6350
9819
3561
7842
8176
4097
4446
6457
9507
2497
8483
675
8882
5992
9034
5471
2870
9425
7574
5213
8071
7920
5760
7238
494
7100
9489
4986
5317
2408
921
4967
8780
127
4739
4700
6867
2892
5681
2251
9241
5960
9411
3913
8588
6407
8255
8007
5546
4148
706
3999
9572
9076
9863
9726
8099
4757
45
8439
1170
8156
2625
1014
2197
4518
761
5765
3810
6969
5287
5889
4766
7993
5619
8622
5498
2659
4067
8687
9245
2563
9840
4947
9556
9009
7354
7699
8911
8794
4704
7399
6040
3438
1684
5733
4885
1885
7254
9833
1650
3300
7190
9989
4816
1097
3279
9549
8907
1643
2571
3963
4316
2705
2383
7917
6846
1794
4841
7285
1573
4826
299
8494
7913
127
2277
6602
8922
5334
5747
2578
2894
5268
2295
5569
186
1642
2414
7588
2973
1901
1499
7212
4463
6521
555
5168
3714
5946
1971
5384
4456
3848
5106
6553
8415
4935
7554
8502
1812
1720
7720
2503
4923
6615
3512
6409
1776
333
7590
8790
9512
1165
817
8754
4284
6557
125
8822
4496
9367
5603
387
846
7365
2615
420
9625
4270
1789
3007
6949
1203
4322
8945
393
3764
1599
6256
8491
4196
6567
6403
6410
7895
5467
3034
128
6778
6009
8003
698
9845
7336
169
7042
9401
8841
9482
2357
2883
749
7420
2923
771
441
1040
5628
3196
1431
7409
946
7592
1282
2783
710
4192
7624
3684
9467
2482
5998
3482
7225
7733
3931
7630
1551
8609
6922
1977
8106
7306
6802
7531
4076
7099
8071
6194
5854
1263
2597
7378
2341
3640
6026
2996
3813
1551
5729
3250
706
3146
7533
5574
2318
3734
788
5620
366
9107
9950
8345
4934
3906
5446
2486
1825
4069
6548
9070
5303
1491
7573
2941
5982
3977
6112
4491
2381
6997
7981
3191
4654
5121
3380
2275
3111
2299
9308
5271
2832
7668
220
1689
949
863
7023
1464
2177
7257
5306
5986
491
1564
1998
5514
1639
7740
6460
6151
5760
1015
6331
4695
4151
6630
1631
5055
9515
7620
2770
4258
6100
5479
7992
9074
4650
4139
8463
8755
6030
9398
8999
541
8168
4809
8849
7322
5267
9936
2211
9498
9309
9315
5113
9718
1625
8594
2211
2585
1200
7322
6954
6779
3172
5169
6961
7984
4790
9393
2431
2503
7504
4107
1283
676
4729
8235
3387
3670
8815
5116
1228
2760
6929
9771
4214
9231
5210
9095
5323
9807
5936
535
3538
8715
9261
2664
3749
3431
7404
2478
8173
7420
847
1848
9697
3605
4113
7752
1618
5461
8772
1719
6334
7050
4747
6263
6765
6526
2024
7548
2268
8933
5994
1547
1375
480
6654
2210
4564
997
2405
817
2508
1565
6610
7321
986
8128
5733
5420
7901
3847
4760
7870
4883
9185
693
8372
2436
9942
4762
4510
2641
7799
2215
3904
5328
6895
6692
3405
4946
8491
4895
3822
7358
7262
7917
8657
4030
408
6524
9459
5624
1163
4851
8040
4780
5410
594
4010
3540
8487
1579
9916
3959
4865
8756
4782
6706
412
3337
1794
4054
3821
7193
3871
6907
9525
828
6321
3226
3187
7962
2007
7648
9131
1068
5449
8554
3564
7805
9676
997
7648
2161
7734
4717
3362
8541
8433
6504
1356
719
2564
8778
5248
7272
8346
6982
5666
4821
6299
1997
3763
1684
8470
2730
7885
1703
860
3062
6950
4190
2523
4561
2412
3743
920
4217
6944
8711
3898
6100
6542
4946
4481
9241
3657
7108
3831
8347
6773
3147
4633
2211
8938
6431
369
4204
2389
4256
6353
3629
5759
7899
4623
3286
7645
83
9349
4551
4184
6757
978
6752
3538
4504
3329
8404
9748
7852
5706
9359
7474
8684
5855
8241
3891
6553
8350
6649
8579
173
9158
5356
3587
6258
6428
7904
8084
8886
5214
0
1069
9687
1043
5630
4292
9983
4596
2604
2237
243
6643
4864
4463
3060
6559
8538
4433
4828
13
4352
5713
7286
4922
2549
1439
2698
9361
6405
1616
6901
637
5243
3731
2900
314
4536
3344
6047
6985
8886
6100
2301
7566
3271
6798
4805
8850
4686
6412
5192
3358
3472
9144
3199
7488
645
237
7731
3922
6768
713
1761
8432
1178
7754
2135
2774
4985
4857
3889
9474
763
3131
5974
1956
5558
6680
3925
6168
8268
6352
7569
3939
62
5695
8333
4711
7734
7078
8600
5485
7365
2754
3845
8638
8518
7301
6524
8575
5063
8025
5036
3101
6972
7596
6587
8836
357
8798
576
3189
6866
2108
9772
872
5744
6816
1045
2794
9565
8863
4934
4335
8553
9795
2349
2748
9393
5376
312
8865
1888
3432
9059
4244
2676
82
8994
6783
3608
7250
7681
7877
6226
8329
6397
5633
7180
9982
994
1091
1872
1692
6042
9358
1091
6038
837
1551
9318
4764
6466
5783
3873
3174
865
7595
9514
9843
1827
787
4363
2363
8843
3425
6560
2208
8116
7811
9776
9815
6899
9282
1778
8962
4384
5799
755
1045
441
7374
3595
5785
8771
2206
4921
9422
6240
6871
162
5111
4646
4907
5731
1359
5226
188
1073
6765
7431
8404
930
4088
4999
9805
5529
8110
6269
1343
7636
1661
9986
3165
4685
8871
5226
3579
1112
7293
1945
727
9053
6799
8384
1158
790
6571
8763
829
6018
8350
6589
2086
571
789
4836
9606
2799
8143
702
2003
1767
8662
1578
5177
3754
9437
3255
1493
9680
171
3239
1706
6492
1266
3831
7326
145
4742
3698
1041
6767
7367
5802
9864
4031
8743
7032
3839
1991
3087
6027
1090
6357
3488
6861
6869
7522
2577
9843
7589
3923
6618
3947
6921
9110
5605
8158
3171
8163
6082
3789
5256
1323
5544
8295
7809
538
7338
1251
2355
6451
7107
9998
4878
8116
2834
8025
6934
2812
3416
7363
5979
4547
6816
8404
6113
4020
7431
6321
6163
9554
3348
4535
4137
2178
8829
9773
7799
5337
7254
3535
3401
6546
1782
8640
5749
8373
805
8913
4920
2680
1521
2682
7194
7999
1688
5094
4244
7448
7998
5959
5625
3832
8047
9057
2324
3112
5168
1723
9748
2519
2085
6311
67
6899
295
9983
3542
4412
2842
3449
327
5454
3943
3842
9223
3474
101
5655
8456
2414
7149
8383
3360
9835
4561
9897
1378
8841
9547
7597
4648
9427
5527
7139
6215
1238
6662
1895
6208
2423
4877
6239
5554
2118
3408
9317
1564
4679
2397
5255
2204
8632
5398
5801
7203
2421
8021
8118
9790
9689
5612
1156
243
5419
5926
1245
1065
9932
7175
65
3310
8127
4355
5079
7158
2485
2790
5745
4387
7364
1712
4094
3312
4594
1012
2575
7242
7061
3946
991
1900
3369
6585
9680
6507
5181
9579
3827
7940
2435
4510
1186
3612
9306
5766
4206
5994
7864
827
6500
2988
4171
5235
9611
4814
2774
1269
847
3167
5925
4026
3865
128
7422
8213
1253
6350
7385
4932
3128
7548
5503
2297
3127
5664
4399
9730
4101
4670
95
7007
2253
4315
2384
3700
5128
3650
1406
9969
6092
9010
772
4297
6731
1970
4946
9946
7707
8185
1003
6795
5369
209
5509
4500
2056
3293
665
7764
1509
449
2464
3236
9873
7631
5934
5030
6829
6340
4269
7862
8260
9379
6594
8588
7248
6314
4755
6316
3447
3316
8039
3005
2293
96
5101
1557
8600
3114
7461
7210
3586
257
3498
135
1977
2070
8024
6752
2306
7564
9036
939
3446
42
2426
6153
6464
4886
5190
328
8097
5437
2293
5179
9166
3848
1356
2321
6685
4954
8656
1644
833
3310
1366
5036
5250
1794
1414
5949
1355
2590
9102
7217
4013
660
3651
5813
1947
9609
7262
8932
2292
1214
7020
6522
6613
8335
5704
8404
1939
6674
7351
1045
6107
2152
6158
1249
3542
1296
7749
3450
3546
1851
3869
1756
6657
5173
3121
4753
3988
4077
7657
7682
9248
1285
4262
7439
9174
9165
4715
1860
1313
7127
8992
9725
1109
5657
5444
8944
9071
9161
8740
5643
5448
3028
9945
4992
9783
6194
6193
8281
3911
4571
6805
4652
7099
702
3985
29
7288
6512
934
9890
9045
2717
5735
6667
2810
8207
6553
3494
9753
3888
2997
1700
9432
7999
9980
2279
7345
6899
7853
545
1268
5819
2008
1755
3370
5517
3154
697
7426
1857
4618
7037
2292
9706
819
8772
3499
2946
2111
5787
5594
4409
4221
7709
2451
8865
7278
6654
2688
4974
1402
9762
8186
356
4207
1381
3582
3728
645
9425
6941
3346
6113
1781
7831
2621
8597
4178
2531
2328
3465
3278
4260
3034
9899
4184
9871
73
6484
5857
4422
8
4066
1618
6748
9716
4717
463
7385
5620
6085
3128
1282
3899
7088
304
6736
7290
4508
1887
4174
6573
9380
3147
6330
9439
2959
8380
1480
7903
2604
4593
3731
7126
7980
4717
1446
9880
9675
5492
3189
1080
3792
5759
7394
700
9435
2719
368
6167
6775
8211
5989
9337
605
128
4210
3696
2018
813
6824
9736
8287
35
9683
399
4648
735
7586
2685
682
1476
1991
1635
6147
9332
5185
8918
8847
1668
3421
6810
8616
7550
3361
263
3870
1144
1123
8100
3413
3525
888
6683
7028
5467
7323
8247
7473
2341
8399
9480
6379
4921
63
6110
633
482
5985
9717
6772
4734
1685
3774
3171
7494
344
8487
641
9720
7752
6601
1555
4263
6781
8019
8406
4298
1588
4922
1607
484
9515
2683
9887
8780
8233
4113
346
9500
3079
4306
9893
3487
7895
8501
404
1059
6741
6275
7192
8878
4543
7088
8301
4880
507
6254
1345
5293