5247
5713
3242
3165
6632
9237
8995
3912
4072
3948
6010
3170
9637
5033
3826
8895
5799
8886
9579
7288
7572
3816
5046
9272
4214
663
9019
7047
386
867
4730
1255
9741
2838
1705
1949
6309
5241
3281
1544
3822
1221
8460
1787
4950
5966
9496
5557
2913
5076
673
2803
6790
107
7896
6281
7206
5075
687
7905
4621
6902
7611
9093
8840
2696
6915
9473
4565
2038
5529
4319
6147
5075
7747
9109
6439
8955
3928
7584
1637
3759
9180
2004
5982
993
4222
7962
895
439
2100
8548
8669
7775
6019
181
3448
3340
1459
5599
5800
4326
3138
8840
577
9846
2774
7995
2653
4545
805
9846
7143
8485
4252
123
8648
1239
3634
9847
9770
181
8123
2532
6463
1671
1854
6461
1539
6904
7354
4326
7329
5519
4646
2991
132
2724
7744
2347
4680
3867
6503
4322
1873
3068
6342
29
3058
4532
3403
5425
3779
5895
766
974
5525
3355
7766
3256
4837
4333
8326
2767
1278
6454
9274
555
4071
6145
6513
5416
4988
876
1940
8524
6822
7332
1244
9521
3128
3553
7395
3858
1120
1681
186
6623
7001
9698
8231
2736
1347
7458
2265
1823
5622
8471
1297
149
2277
767
5590
2330
5004
3240
1093
5622
653
743
9166
1665
9070
8858
8903
4554
5622
5124
6688
8023
1183
5854
5034
6722
1647
4202
7002
4418
4892
8729
3119
9649
101
1412
2122
1276
1808
1754
2100
5121
7198
3918
7521
7020
3445
6740
4362
8024
7598
5620
8484
9998
4303
3881
4518
9556
6857
4503
8372
5027
3690
1913
2189
1418
6381
155
5371
5957
6880
2667
3027
1630
5514
270
1679
8702
9352
210
9406
5754
1054
1935
755
297
8724
7567
8224
8357
6274
1602
372
2962
4690
9449
7908
8548
8746
1044
8318
9935
7155
1745
9398
6131
5835
9580
6699
499
9179
1818
154
2951
2603
5757
6494
4063
5415
1465
4440
498
3294
1878
2965
2987
312
1137
3827
9890
7876
3959
6962
6193
4114
9766
2025
6042
5838
4591
7047
4576
3277
7340
3684
9044
612
3697
8226
8225
4576
3868
130
5721
5264
6440
6876
4993
3208
9982
442
3862
6316
8657
8133
4268
3149
7878
4838
7773
7291
8949
2054
2762
9229
2738
1467
8311
4674
9272
2281
281
4388
9706
1263
2284
9221
8611
2615
2756
9
2455
2627
9914
9955
5405
6836
2222
936
5752
9252
1711
1508
8868
6917
419
414
7808
8853
8258
9345
14
4585
5018
6642
8407
1056
1400
3040
7636
6474
9957
8498
2402
4403
5337
4963
4087
8293
4107
775
6843
9707
1959
6738
7456
9641
2601
8951
9731
6245
2786
4668
5688
4585
3505
1
3355
5586
9554
217
9903
2993
12
3229
4304
9158
4545
9673
4119
3200
8643
2390
6678
4357
3525
4406
7429
2864
8763
5192
3347
4726
8087
6904
3726
8147
5598
3904
8523
5348
4553
270
2747
3333
8606
5677
7158
6074
9011
9848
5185
1450
8579
9246
1210
9996
6599
6942
8477
2835
91
5039
9789
8799
6764
9671
6805
9420
6524
3206
2608
9961
6865
5365
5822
4839
1691
3033
3744
7439
7568
1036
8846
3060
1072
3072
9031
9117
3256
4031
8627
1639
4316
1690
58
9453
4628
6204
8569
8382
6653
6392
716
3562
2029
2672
1518
2584
8397
4690
5047
8583
4974
217
5476
2539
295
4272
269
5967
820
3652
8506
5993
9831
9633
8428
6827
4814
1364
3847
9614
2444
9293
6226
6866
2957
1398
4123
2249
3396
4212
4532
847
2621
9804
8598
5553
4479
1958
7301
3504
7114
7928
7401
4564
58
9166
297
7189
9199
3295
1085
6148
3783
3798
5390
9789
1128
5596
7263
8707
7696
8676
7882
4191
8134
8622
1075
1535
9190
5107
2936
1091
4887
2115
9361
1732
2515
8016
1556
596
1281
1897
6894
8960
9205
1950
2579
659
6618
1700
5235
8056
9183
4671
7700
5330
2331
3188
9935
8702
7687
6541
1418
2088
5469
4594
7406
6611
1214
9208
4416
4881
7408
6358
83
6762
1551
2945
2753
4932
9940
9078
6533
4150
4006
6763
3438
8380
2319
9063
2231
4371
5723
6209
4880
831
9109
4447
3583
5483
7566
1105
5870
8184
8924
2306
3662
2588
3252
5115
2653
9093
3579
3247
7974
1063
1244
8347
9485
236
7203
8291
7813
5312
1691
5258
6756
8577
7601
999
3688
1000
3313
8081
9451
4915
1784
8297
5930
2360
3890
6339
4481
1204
1244
6456
7718
2059
1226
149
6928
1504
1686
4405
2764
3454
6422
2846
8379
1624
7238
4713
1492
4298
3910
1626
7161
8521
3113
9190
1358
7488
7185
9155
632
4594
4651
546
2164
4091
1674
9843
569
1650
5723
1264
3569
9571
9481
1954
2209
7195
6742
8875
6411
5699
6366
3775
2026
1825
6171
8559
8853
2258
6360
1477
6145
6609
9384
6816
4593
9566
7886
1661
1021
4131
5141
9381
8872
4732
2732
1741
6785
9380
854
6807
9315
4551
4460
904
7771
3361
5249
6417
9815
2849
8059
6273
8400
8599
1383
77
2780
8459
5882
5733
2983
895
8005
7912
2325
6474
220
7026
6050
9095
9622
7603
5021
5777
5496
4578
6629
2138
2630
9150
3395
439
651
1470
6887
9284
1920
8744
1863
6279
3466
9741
3052
8039
9471
3771
324
2158
1849
1370
5698
2259
6667
8522
114
8356
3468
3157
5691
3493
7165
4917
4045
8353
2834
8572
7926
1769
1268
3779
6670
4853
8895
8972
6165
9006
7748
7199
6433
515
9119
3396
2746
4586
7163
9766
3481
6562
4117
3649
7372
5083
1040
6048
409
1421
7340
2451
3741
9817
9724
953
4176
7655
2741
3133
3717
1600
7226
982
5423
557
9259
9131
1484
3901
9204
9143
2342
496
5446
6521
3765
5076
5689
3787
6267
2050
5272
1405
9921
7998
5926
136
3693
2759
6360
7486
665
855
9829
438
5315
5281
3250
2077
6821
386
7333
715
1324
4202
9659
488
3006
5057
8647
3730
4580
8997
9691
2939
694
3107
4194
4425
5192
2955
4026
9017
9817
3017
2426
9755
2226
1152
6213
9450
2184
4684
9894
3186
1396
2424
6946
7313
6245
1926
4630
5640
4808
6157
2694
9176
7845
2270
5069
9414
7092
3129
8208
1471
3279
1915
8168
926
3850
2289
5164
8560
3617
890
2282
1244
4848
625
6985
2401
3975
6711
9856
885
7509
626
7122
3295
650
3425
8722
5929
5743
9276
6268
3147
4344
3190
4479
9169
4645
337
3877
4637
9196
8917
6431
9625
2995
4996
8338
4361
1603
2207
713
9470
6532
6646
2646
9973
6872
7568
3436
9079
9326
9828
6100
675
4507
1780
800
5306
7250
3129
8802
8672
6016
3566
4010
2591
3556
4050
7964
2762
8564
1227
3244
1394
6369
1839
1344
7334
4532
898
8733
6983
8277
143
2128
5295
2423
1951
8752
4220
5323
8661
468
4857
5940
4537
8662
5173
6561
5392
8849
1903
1785
9412
9941
2282
3052
436
1083
2746
9045
1153
7221
5762
5143
7276
8133
5984
9625
2677
3274
3184
7161
4308
2390
1494
9396
2574
4765
5649
854
8327
1433
8065
3863
4528
3987
4920
730
202
539
2724
5299
6473
1977
424
3277
8697
1692
6986
3224
6484
260
6302
4090
1596
1303
2000
9167
855
4773
5282
3837
5509
1877
8617
7661
5549
8315
4600
290
8093
6101
1284
4352
3780
5515
5905
9170
4079
3867
4060
1716
3360
3725
6815
773
7744
9671
2748
1161
2695
6584
8927
7976
7827
6571
8010
1745
1183
2739
2618
3574
7167
7063
3589
4083
9482
5974
747
2924
1104
2030
458
5129
7359
5484
7728
7265
2390
5607
7806
5872
7295
2856
7831
5468
8407
6804
6818
4502
7410
776
2253
224
5298
4706
4033
7243
8765
7271
7474
2603
5007
4043
1464
8755
7932
9112
9121
6847
8704
5318
9362
5211
4313
111
5851
7191
1680
5526
3901
8178
7864
1263
4817
1469
1074
5557
8594
9547
3989
6341
5096
2012
3010
5563
5151
6894
4086
3848
2836
9535
4670
5894
504
5078
8814
2166
8046
2593
9929
3147
4799
5491
4195
6557
3650
8194
8591
9968
6965
5218
976
4297
621
2769
4985
7052
67
4573
1559
3174
2104
2305
1105
8999
1539
6404
3141
7648
5034
4446
727
9127
78
5305
1572
4220
1761
6350
4557
16
6895
174
2386
2170
6307
8296
9488
8931
6690
9041
7810
3638
4092
8993
5219
5267
8371
4839
6875
9189
3929
142
7592
308
4220
6170
3717
1079
2615
8108
7846
8054
7104
2340
6297
3248
4214
5099
7544
6119
3741
2328
2625
9203
5074
9907
7354
494
7597
5881
1992
8452
2988
5979
4778
6811
6785
8262
7295
1065
2360
666
1807
4500
2716
8189
3095
5846
5497
1015
6138
4291
6619
5411
8589
6744
5943
6469
5593
4708
8075
8851
7346
5880
7228
6929
4887
4159
9058
3885
8049
5940
3110
7405
979
988
93
6963
4264
6853
8913
7867
6105
5845
4096
6619
1048
5544
1081
219
4844
4963
6361
1584
5580
2793
7898
3135
6362
4478
3641
8383
3121
9432
896
5536
2030
7228
6139
1665
7335
8412
7750
5503
7932
4150
612
5956
9094
6300
6261
8419
381
2466
4939
8498
7968
9418
2080
2504
9135
421
8135
111
4355
856
9986
2410
5401
6159
6212
9303
2790
3063
1270
2886
9798
4749
455
7327
6388
5960
8915
5648
1163
3310
7121
121
8797
6170
1102
4729
6526
7321
1691
1535
9685
3697
6773
2749
7785
7089
5150
5604
4382
7503
7903
6685
1416
7924
3779
7228
5567
4393
6142
1321
3146
2068
927
4545
5609
2201
3452
6808
3152
9868
4061
7750
9208
1785
862
53
9310
8459
8092
5815
5941
8036
5675
6986
2291
8256
7203
1907
3240
5488
7818
7247
6693
2585
3529
1200
3939
682
3748
3485
4261
6978
6885
9331
8007
7354
1713
7216
4508
3389
2385
3787
8510
1445
2465
6852
1532
3733
7410
466
1135
787
6414
9424
9548
863
9026
2104
4197
2912
234
5228
1631
3677
8503
6752
1262
220
692
8913
6161
3280
4666
608
621
1133
7237
4868
6356
6495
5607
7543
7724
15
4585
1787
2027
7567
6239
3774
3603
4160
8137
9222
5913
4683
2672
7810
9557
6810
6610
7564
819
3797
2762
9824
7464
2644
5242
7878
6366
6102
4423
8525
1502
6985
163
5422
5229
604
6547
9874
1635
2903
8441
6612
436
8685
6110
7688
2501
2497
4195
858
1594
8155
106
9622
257
5221
3959
9237
4457
3158
7688
1931
4962
617
942
286
8115
6879
5579
5627
6584
8882
4799
3576
411
6121
7571
8390
6724
3202
8788
74
8292
2891
8328
7298
8223
6732
1536
3209
9863
2441
7755
4059
6260
7865
5673
1714
8628
7462
4116
8149
7358
889
2827
9791
1391
7034
7695
9652
4655
430
8612
9362
7293
8155
5080
8987
4390
288
5522
4224
1301
10000
3398
5495
2306
5924
3862
4304
5398
1470
130
5091
1248
5055
3187
7035
177
9260
1323
6289
4430
6843
3854
6285
2869
870
2636
9563
7370
936
1113
231
5699
7296
7217
8116
6609
6609
4484
3179
1895
2059
1199
2169
2555
5002
4434
3397
5129
2654
7503
4506
3130
4470
6898
9824
8557
2069
613
4233
551
104
6588
8843
8784
2759
5461
8144
5698
2303
393
8395
8009
941
5380
2189
2619
9663
4156
2498
6793
330
5724
2481
183
3444
8307
5800
6365
3148
7454
2160
1270
8014
5595
6063
3634
4978
9261
7301
2123
9210
565
2896
4063
9179
7419
363
9425
7534
2136
7536
8762
1687
1466
691
846
1785
5286
9345
6784
8871
1801
1058
7963
1544
4124
1005
6742
4266
7401
5310
6149
9536
9194
52
1811
8608
6389
4350
498
9447
6727
9367
2163
931
2987
9194
6544
5853
1996
5477
9163
1136
2341
5009
1924
5482
5028
1945
5717
6489
957
8961
5599
8208
5714
4891
9851
2387
9965
6218
2459
4978
3832
8808
4243
6325
1732
5199
872
7347
8829
8736
9158
4788
3860
5224
137
2901
8666
9510
7946
5818
8524
2444
8256
2141
8445
4562
7382
2498
4269
7909
3568
7108
9640
1237
1243
3423
2541
6354
1213
3841
3828
1119
6353
7958
1566
2552
9662
1865
5054
7761
5314
7187
4812
5477
1717
8339
8421
9898
1189
5762
5349
8650
5723
2194
5028
7043
6695
554
9807
4505
4543
6891
229
3869
2321
6361
9631
3530
8680
3294
7026
3398
6044
1848
4563
1979
2271
5523
1827
7302
1057
5637
6826
2169
3507
8110
6038
6211
2377
9451
1237
9554
3004
7113
1905
6960
2989
2398
7164
641
4544
8273
9620
7618
968
8267
2223
7233
6894
8382
7638
6523
18
4016
1452
2816
5470
6955
1950
3214
7246
1949
4749
9942
3025
5307
3868
3387
5077
1495
1464
4437
8928
9250
1968
5500
963
1481
3636
6932
353
7610
2808
1206
532
3506
2987
4851
2608
9690
7601
3450
1801
8928
7519
5913
7413
3710
4215
1311
2886
6992
4269
2895
2519
5289
940
3622
9676
4204
2479
4089
7560
8619
2837
6018
7237
2509
9116
9360
5367
4178
905
1614
8984
8095
1330
111
2356
2369
5022
5187
1964
241
884
6796
1838
2723
5549
3064
7815
560
3159
6382
6143
9024
5314
6163
3599
6729
3800
8348
4752
6573
9606
128
4744
7670
547
7206
5175
1221
8174
8299
5695
2582
775
137
6176
3855
3913
6991
7645
5786
3744
5632
8126
8964
8658
3296
3467
9260
3739
8551
3980
3951
3781
7028
5143
7295
8266
7718
844
5603
7791
2142
9249
5013
3188
6825
8054
8240
5504
678
6046
9307
4416
8040
7340
3470
2684
915
2443
4854
7664
7137
4186
5223
446
8069
8904
9160
5013
9542
8526
2690
6704
7950
9763
6172
7034
8585
7987
4645
6582
2282
1738
7666
1737
3512
225
9079
7176
1515
4046
7180
1264
1199
9521
4229
6856
6144
5647
1626
3365
6067
3066
3632
5009
1855
4064
2894
4005
3372
8023
9633
9183
1136
776
7393
7998
8168
4183
899
8339
3465
9769
9124
4700
3360
4241
7563
830
9048
6994
3440
1453
2142
4698
5912
2520
413
4552
4217
5084
5059
8715
8287
6660
3058
934
2688
505
1474
813
1175
457
3264
4650
5823
5596
8247
7636
9183
5044
6395
438
8483
2245
5609
5448
2384
2817
4460
6060
5849
3680
7230
3749
8778
4431
7571
9816
6620
8378
1003
5294
8423
6627
5689
6772
1836
1847
1994
2333
1009
8524
1727
1818
8726
4876
9329
9193
2641
9302
191
4608
4955
8457
5627
5633
8081
2662
8068
6714
3140
6045
3805
2346
1896
3944
942
8330
2984
8771
1632
7308
1680
9111
4296
950
7613
1447
439
7030
7921
2884
2338
6255
5594
3923
3768
8959
3406
7135
7268
4300
4819
340
6941
4115
5069
5950
5404
523
7599
4594
7387
801
6308
6276
1599
6243
823
7637
2858
239
3011
7848
6613
9879
5901
5639
633
301
3342
5526
2829
9747
8408
8626
9977
4432
8880
6287
9394
555
699
6690
6519
3225
4895
3651
6999
7237
2884
6019
4200
8152
5940
5045
2946
4509
370
4877
9637
1612
5776
9044
9817
7078
4635
2282
93
2659
2657
6461
5205
1282
9746
4620
7128
853
2530
4109
6692
970
7812
4542
2922
951
8470
4557
4939
3103
3711
692
2993
1069
7873
3989
4040
5196
6009
1063
6926
421
5678
3457
6007
9010
1772
5525
956
9803
4856
6602
3224
4709
2943
9438
6661
1502
7128
5729
9164
209
6630
5538
5011
3772
7588
9941
6023
578
8557
2232
9113
6486
6489
8892
349
6481
3245
1907
9509
2451
9024
7295
3568
6508
2643
5472
2652
470
2350
5280
399
1797
7164
5497
3596
1155
7847
5158
8656
265
7587
7593
7516
4553
5558
4942
470
8268
5429
5545
9897
9172
9312
7513
2898
1163
9274
2098
823
5698
5088
265
5811
5131
5680
5354
2273
117
7886
8069
6383
5988
1126
9827
4882
5182
2893
904
693
1819
1355
5587
2598
2363
54
4586
2142
1187
1959
678
3387
4031
1239
7089
4100
1043
8962
7409
9766
1475
3437
7123
386
8318
1753
4290
8304
6842
8245
6049
2297
105
8949
3059
6651
9167
7964
1328
4814
4540
1290
7593
609
3384
2700
6480
1169
1260
2005
5908
6422
7486
6218
9430
1161
1432
4280
1565
9826
3824
5169
722
9351
2556
9467
5200
263
7671
4783
9155
6728
396
9498
1196
8450
3142
4740
5303
1966
1005
1014
1075
5273
8400
7105
6651
1130
5391
2969
9051
8026
6443
3492
7395
1059
7931
8009
4024
8546
733
4822
3737
2015
3677
3062
3006
6504
9274
7561
9857
7758
243
3441
5965
382
4684
8242
3486
4245
8913
9512
3090
1934
7799
2764
9544
4245
4868
2942
6941
3304
3112
4935
7784
7299
2966
1996
523
290
2360
4654
5992
7330
9686
5767
1765
5387
6538
2879
1701
5349
1382
6267
437
1432
1134
4379
1465
6367
1560
4019
5509
7401
4942
9666
6359
5861
6190
879
6284
2134
9230
7273
8506
107
6712
6546
1759
1204
8214
1878
5432
9024
9002
5516
121
464
599
9659
8294
8867
7159
7589
7645
2260
6854
8884
9647
1345
6095
1680
8202
2315
9431
1002
6434
544
6164
356
3782
3446
8794
2723
9976
9135
3306
2143
735
1777
9488
3220
8730
9820
6003
4396
3329
3141
3378
1220
1579
2264
1331
1495
6189
1492
1249
9013
289
5582
1405
4834
7235
252
2988
861
7511
2317
6722
3174
8051
1295
556
8457
9053
1339
9721
4173
9934
6692
7841
5101
1869
6394
7043
3680
4167
511
9298
7295
3667
9357
2014
7690
2265
2331
1416
7504
7975
1487
9890
6168
5087
1256
5371
3167
2607
7777
5863
3069
5354
9239
1846
2312
4482
9739
8662
4846
3732
9219
7978
5826
6400
3122
6479
3957
1663
6925
2042
3603
8203
9453
4972
6435
1636
7063
5304
2067
2462
2000
6545
9918
8227
9752
9831
3454
1209
8258
2735
5900
6399
4670
2556
4877
2890
7308
4486
7975
4845
6699
2107
7379
1206
832
6132
1865
9962
4841
8004
4026
6404
9110
3109
9891
7251
3872
7041
2517
9952
8017
2322
4060
7712
1752
9520
199
1666
7446
5977
7346
8512
9633
8912
874
9255
108
9262
6458
5314
5153
4936
6199
1254
4925
8066
7880
8450
4742
4777
3482
4005
9364
6602
7345
6877
3393
9904
1814
1102
1037
8397
9260
3999
703
9314
7165
3493
8004
8181
2993
7360
1988
8710
1286
5591
307
9779
6375
479
3420
3030
1233
7307
6686
3965
2495
3544
8370
7416
1245
1837
8642
5903
8404
6743
3279
7181
7635
5884
9502
7877
7553
7223
2180
78
8027
3868
908
3519
7248
1867
2356
6106
3418
4884
7937
5303
4381
2052
4405
9657
4928
9827
312
9615
2522
6915
2329
4838
1133
9057
5278
6770
8122
1112
8322
3938
7773
1599
2356
6000
8305
2169
8972
7992
4895
1729
7037
9598
8244
3270
7357
1010
9325
5842
6179
8131
8250
6911
9513
6580
6731
8904
7013
5434
2965
1219
3935
7664
1084
8476
8646
5272
622
1969
6475
942
9960
3652
4294
4851
6723
2541
6968
3058
8703
2270
5346
5948
6283
3213
3528
6662
7771
3342
7803
8719
8406
7466
1731
4082
1615
9998
4592
2885
1546
1616
5128
6688
323
4111
7354
5927
6185
968
1334
1036
525
4558
1225
3346
5546
9656
4647
6257
810
8790
6133
6679
7567
3563
3642
1197
9728
3063
1157
7170
3191
22
4803
2108
9612
2696
1700
1494
1317
26
6795
7689
2227
1892
7873
4211
2235
6913
8682
5056
6041
3426
7710
6858
7788
7208
2208
6365
9010
8380
2277
4973
4590
5831
5761
1987
1077
5061
7413
6538
9775
1346
9320
2638
6823
6885
6234
8143
3896
5874
9827
632
2943
2738
1913
5155
2478
314
9055
1612
831
606
3851
1349
2889
9403
366
3189
5386
8026
6722
6509
4989
8454
1892
8051
1405
317
1736
5550
4273
213
7328
4286
5745
3796
2699
8502
2076
5030
9103
3465
4731
1750
5076
959
857
1437
3060
515
2734
5470
3025
7699
4427
9085
5835
7256
2157
4114
8050
9855
7411
5556
412
2738
6521
8448
8215
3595
7560
2870
9688
7291
1560
8901
8801
5369
9486
8062
3394
3239
6666
1866
1139
7551
2286
4733
2425
8342
3833
7433
7904
7480
2930
3102
1113
9912
5481
3068
9171
2730
1413
3914
8299
8926
6572
1549
1117
1927
4181
7916
4023
6585
2828
3159
632
4203
6777
9482
5458
5830
7059
9690
9504
4667
9576
7194
7247
592
7002
8140
4109
2570
170
2766
7909
9813
3758
9734
4937
6552
7657
9514
5157
2133
9289
1896
1451
7696
8402
8565
3450
9971
7083
1735
5465
5058
8721
5350
2925
4093
7106
7765
2829
9724
1443
7949
8728
4156
5256
3096
6495
8671
4163
3007
5695
9079
773
2021
6162
4877
1182
9883
9170
174
2798
5572
4318
5954
5023
7655
731
7131
5237
7866
1193
2142
2070
3207
6986
3002
2868
2788
3451
5838
4999
2004
6509
6918
9202
9539
6009
3697
5293
1347
8967
7010
2679
906
3773
9080
6369
1368
788
280
3200
7756
4674
1255
4329
9177
729
8126
8387
6195
2862
1590
6875
6388
992
5239
1008
9073
2803
3157
1892
9075
1452
854
1815
8508
3230
6872
4357
6518
3085
1702
1685
5362
8089
9466
927
5746
7031
4977
8437
9908
8085
9442
665
9317
1995
1206
7684
9019
596
2562
4457
4510
9600
1410
8978
7931
8062
2345
5998
6899
6335
5909
6525
9272
8767
927
5582
5766
7402
6715
9781
4806
2521
2005
970
369
6999
4059
9753
3076
1349
2720
9227
7760
8606
240
2771
9525
402
7373
4212
750
4334
8976
1261
2422
9571
4438
630
9074
366
4008
2335
7578
7502
261
4808
2737
9622
2414
3904
9322
5793
3408
4292
7957
114
9812
6136
4484
8497
2149
2447
5107
7743
8106
2973
6809
8913
9657
8023
7370
6989
6109
9917
651
9748
4127
2059
2600
9099
1880
5966
8013
7882
3382
9695
7439
1840
7584
9874
1127
6525
6721
2247
5514
1914
5030
579
15
2134
4074
4483
1770
8381
3474
2259
7379
2030
1277
2505
6445
1159
2435
3131
3324
8260
2818
5219
3146
6292
8872
482
1843
9850
1183
1252
324
6523
2559
3829
1480
9675
9756
8610
8917
6945
2859
3342
7796
9423
1937
3495
6750
1927
8663
3179
4791
6240
1262
5937
6579
70
1761
8143
6567
8016
2941
2214
1783
2380
5488
8469
4781
3364
8064
1158
9377
2679
5063
7517
8585
6998
2105
1787
4066
1528
2777
4256
7592
8175
1510
7975
2399
2781
1325
4595
6889
5452
850
6561
5147
3614
3638
7738
8811
9987
882
1071
2963
1347
3973
6376
351
3490
8297
1981
5654
9264
7441
2639
3161
9510
1523
1504
9509
497
1361
671
6996
3949
2593
5801
2938
1978
8522
5062
1403
7545
104
5941
573
840
1072
8760
600
7205
4358
4107
8170
3146
1549
4663
8498
4571
2037
1478
323
724
2834
3067
9133
6666
3103
955
1720
1802
4362
5287
991
7225
314
2121
5357
7802
1159
6365
7492
8955
2328
4518
6996
734
2087
8475
955
9714
2740
6100
8722
5523
85
8224
2094
849
2001
1927
1096
8173
3738
2274
160
9003
6168
5355
4522
1467
9502
6532
8698
7332
8196
1378
799
201
222
8242
351
5946
3332
5226
5533
9768
7312
3198
1962
3161
3898
1964
892
3879
7383
3584
770
2873
7571
2707
3538
3714
336
6497
9694
3017
4699
5450
2865
5769
2879
9406
1713
1396
426
2754
2692
3342
4730
3109
7460
4994
8000
7231
6949
6470
9268
116
1605
3128
9878
4398
5047
2523
8027
7133
4272
472
827
5160
2443
6000
3155
7544
4567
8635
1900
4363
1959
6128
9892
4187
5556
7178
1585
5542
7130
92
8948
3565
9222
9515
2641
3530
7006
7152
5290
7590
5305
431
5546
3150
9948
6003
4836
6571
266
7182
2443
7337
1961
4663
2484
1714
2574
8556
5078
4773
2862
6062
3390
7624
7002
4166
8057
1181
1813
9775
2484
6307
4207
9570
2305
5407
7161
4441
6336
9854
3598
3458
3010
5036
5577
7426
1670
2622
3866
2593
6180
8445
168
2151
2837
2990
504
733
3543
3701
4148
5268
817
8377
5933
102
3181
2749
1496
1016
9146
9820
5200
348
2977
927
2487
8160
1629
1363
4755
325
2586
561
5481
3305
1405
1203
9673
8129
1521
1407
8472
4213
2597
5584
467
9038
3243
8041
234
8073
5712
8911
8336
9865
1193
7989
8915
4192
2785
9186
7880
3851
3448
9776
8087
1681
4163
5068
4517
8819
170
9299
1776
3500
2750
8228
95
4569
9878
3283
3881
4797
3028
5123
1238
6608
1668
2671
7842
5956
6569
5314
6641
2300
4131
2900
5756
5121
2685
2011
2641
9848
5042
8236
3196
4826
3686
9516
8514
9510
7921
9815
1813
2599
5945
9222
6188
806
1131
9194
5312
9994
4244
5943
570
1002
9036
3529
421
3352
8996
3545
1915
7103
6214
6102
4246
9238
1289
2756
561
5260
2551
3598
6960
7522
6547
9478
4763
4886
7201
149
2819
3214
3580
5050
762
4553
3533
5333
172
1014
8347
757
337
6550
3939
6202
837
1200
4844
2073
1240
2096
2408
6084
5119
4562
2874
1946
6427
5043
3626
8941
1962
9313
379
7951
5058
227
1368
8953
7394
9199
7910
6360
6459
1050
5096
2910
6108
3360
4275
5126
8074
5402
6927
7736
9925
4522
1127
5476
3792
2201
4311
3079
733
2923
4201
9153
2502
1991
5847
8660
5633
3567
7822
6709
6289
8772
2949
487
9953
5711
3269
1775
2157
8995
4737
6442
5970
6681
5579
8373
634
1604
4785
6734
3284
8678
8345
1331
1622
1028
1408
7606
5329
1709
3615
6567
968
8643
5713
1973
5176
8890
3741
5735
5124
2947
3294
7884
5065
3642
1313
7557
8623
2338
8309
334
9098
6783
2847
3393
200
5735
8367
1383
8587
7776
3885
8304
9089
7434
9045
7995
552
8842
8583
7448
3008
9448
7020
9466
9480
657
2882
2527
4558
5962
876
8442
4392
2142
9436
29
3737
9976
173
436
1022
1818
4311
2127
1362
8350
1127
6163
4302
1724
5220
1621
3098
5751
54
2123
2403
1157
7635
9793
3473
7596
2864
7260
7548
8180
9585
8492
5055
481
2797
2610
5495
2574
6720
7537
9492
2332
5173
7161
1935
822
6565
702
5783
8856
4127
7238
9466
1036
7107
9587
5536
9698
1464
6678
1421
1670
3884
3120
2620
1713
9345
4785
6337
9150
7583
3650
6290
2545
7458
7731
6704
963
862
2232
1732
7737
2145
4774
1627
7615
3637
9432
7275
5061
6271
6516
7408
4290
4206
6026
5187
4409
7578
7826
4940
4848
6201
1672
3808
1627
464
4416
5385
1555
6237
418
5884
5161
8827
7821
9343
3199
3554
3902
2653
7859
8547
3239
4466
6107
9683
1691
339
9047
9670
4481
9333
4754
891
9777
8854
7042
1595
3005
7997
2501
3408
6034
2534
1766
3365
379
9447
9659
3777
1371
4269
9216
7538
454
6116
3391
8695
802
2269
9007
4933
2694
4099
6942
8784
4067
5718
2378
8052
5132
487
6106
6688
3177
913
4358
6864
4722
5453
7687
3421
6987
4237
7774
6777
6992
2809
7468
4968
7089
1594
9260
364
7782
3211
2995
3395
2173
8878
9243
4114
395
1389
3051
887
3662
1816
4556
3393
9496
9897
7460
3961
3195
9262
9816
5162
9229
2122
4536
3957
7302
9910
1308
2776
7602
7808
9604
5005
9090
4205
7111
94
5332
8391
2338
3717
1615
969
1624
3708
954
9744
8143
4803
1425
9466
1996
4428
1749
3935
8563
5969
4065
4295
9920
9182
9844
8502
6747
2730
5444
6389
4566
4867
7586
9042
4366
3861
9918
6792
7089
7953
6993
1552
7361
4595
4517
8688
9604
2048
2727
990
4624
8270
4619
5068
8964
7481
6783
3125
4692
9608
6028
7107
4618
4616
690
5096
2566
5150
6352
3025
7337
7944
395
364
8888
7176
3710
9761
401
9719
4867
327
5343
6807
3227
1009
1851
8297
2635
3701
58
7212
6694
4218
8708
8470
7487
3990
2940
2670
3563
3995
949
2295
2424
2077
7101
3931
5983
6586
4392
6088
7696
1061
3466
2542
2943
7496
2277
6003
3131
3952
5500
9039
3800
1851
9349
8736
8773
7871
8579
2993
7590
8443
6790
5629
833
9500
9460
3799
5535
8157
2846
1978
7833
7946
1188
7698
2206
2109
6576
9601
9772
2392
2240
6915
1966
5795
7442
3754
3396
3774
7311
4665
3467
4765
8738
3956
4415
6510
3627
3963
9003
6068
6510
3917
4534
5914
5625
752
729
745
7806
8584
4854
3040
5433
1288
3692
5576
4131
1906
6086
308
1586
9096
3996
1803
2909
4909
4215
9489
1560
839
2962
9366
8266
6960
6373
2414
4463
8329
1261
6642
8914
5756
6696
2266
7550
8700
4363
1797
5049
3345
2766
392
8885
5338
5763
7562
5955
7789
6524
4245
6330
1717
3204
5842
8676
5744
3259
4226
4908
2425
2851
3566
636
3164
9100
4450
2195
832
5804
4480
242
2469
4018
6389
24
7077
4978
3716
9961
7900
7922
1458
8865
6963
7255
2367
8763
951
7627
5770
2172
2834
6957
4241
8672
6
3542
4741
4999
584
7893
7693
4099
9613
153
6663
1949
792
4975
7364
6671
264
9866
9312
7890
9520
3072
6151
9823
6586
2625
9419
4582
1621
5055
9255
8704
3279
9110
9083
1559
1820
1599
2403
9938
8106
2678
5166
4910
93
8873
8207
5336
7602
1778
3927
9731
9181
3391
3289
4862
3379
990
8323
4043
2862
6595
3226
1744
4195
4305
5900
4566
7604
1040
1658
5152
8339
4892
4697
1259
8008
9184
1462
8497
4444
3927
5050
8827
434
2212
8530
2674
4860
1619
8333
6227
5483
8752
5484
4025
2312
4879
8221
1956
2054
1140
4803
7295
8314
9414
9187
2827
1647
4001
7604
9677
2181
3980
5322
7598
1098
3479
867
2081
801
1234
7858
7952
9044
9009
5066
4770
4535
1875
797
1139
559
174
3382
9053
1898
7027
8839
1734
5165
4030
1681
732
2373
1881
8388
1487
5021
4177
1684
959
6927
1711
6806
8729
9968
2444
927
1739
2442
4129
9669
8976
8858
7369
4296
4382
241
561
4474
7645
522
648
3819
2749
3485
2064
1678
8731
5247
4383
6222
5771
1251
9749
6516
8749
2642
3291
2504
5776
8468
6469
5510
2749
1445
2
8795
1270
3008
3172
7673
6434
3994
562
2177
5327
6275
4590
4339
6430
7255
4773
6241
213
1217
557
5275
1480
7997
4632
1976
3291
7178
4205
8397
1156
6098
8024
7027
3198
1088
9707
7208
6649
9922
1880
6969
7502
8537
7547
4587
3954
1954
8440
5344
1782
5861
7430
4884
8708
605
2403
4500
1587
9271
7369
5227
457
3482
3824
2318
544
1180
8473
6598
1908
1142
4300
4402
4457
9278
8417
3051
5451
9760
3260
2902
5424
9892
8510
8398
2763
8940
3177
2337
9521
5612
592
2649
4643
2846
8727
6936
1975
4391
2965
1442
6353
1756
4325
5211
7091
6418
5714
5399
1447
3201
9346
3374
7565
7336
7830
9954
5466
1159
9575
6324
717
1798
7037
6530
1264
9027
7620
5666
1510
6664
274
6877
6770
9831
491
7442
6425
3164
8745
347
8433
7729
6586
2286
4011
514
7001
9608
7354
3287
3457
1099
448
2741
8673
4265
2879
9580
4954
4538
8766
1221
1626
4280
7397
6780
2551
6583
2889
3318
6426
9333
9497
1905
3417
9095
6767
2881
1484
4387
5432
4695
5279
704
3978
460
6214
662
5276
6229
253
1396
2709
7678
37
7240
866
3199
6047
4990
7093
4385
7142
2708
3499
2969
7902
6736
4966
8176
8498
5453
2112
2188
1085
3412
5922
9304
6768
8096
2694
6188
3525
5653
5298
2365
5018
6009
6641
1226
2200
4632
5751
6277
9607
4632
5188
9713
2410
3320
3476
9134
3244
8137
3275
9959
1519
309
2808
734
2047
6136
3047
5633
3474
8565
8667
6473
4335
6275
8009
7609
1762
223
7639
5848
683
2914
8345
102
3156
8139
7694
7168
8766
6966
816
7353
4829
7048
9078
3022
8408
3942
862
7250
533
2053
3223
672
4007
1756
8904
1009
3184
6502
3448
2390
3896
2546
6423
2916
8416
6930
3454
7812
8866
8035
2350
7730
8685
8251
8010
6548
964
224
1208
1145
3043
3214
988
460
4325
7972
1002
4878
662
5978
3977
1126
3188
8204
7250
5883
808
4310
9869
7397
6700
6765
4951
5587
5760
8473
2626
5343
283
4958
1188
6797
2979
1989
6941
6408
5350
9532
3519
6361
8744
5927
7905
6426
3196
153
6742
3629
5363
7449
5140
376
1780
5489
970
5953
1536
6955
7118
6079
6207
8840
8886
5970
7962
6120
9593
1845
9324
7034
375
9847
3925
7450
8246
3772
2704
4843
5613
500
136
5755
2410
1488
2806
8124
1983
7993
4749
3648
4820
0
2272
9280
6643
9149
3186
9515
8168
864
2609
9257
9987
5258
7948
3235
7591
5875
9475
9331
8801
591
1344
8571
1243
9677
1940
8389
4911
9603
2386
9418
927
8297
8944
5798
2017
6473
3054
8028
3291
900
1267
9996
3090
9688
4933
4862
8179
8695
6746
419
4390
4602
5347
9112
8895
9888
4563
7565
3737
303
912
4792
9593
1975
6416
9877
1650
1782
9813
6133
8144
2533
2694
4593
1558
7371
7598
24
496
3372
1092
3687
8530
6017
4578
5966
8228
9386
2557
5971
9281
1598
3135
2524
7105
5763
1529
2494
4349
682
5277
527
807
5736
2969
3179
3342
5561
7533
9665
8951
9048
5588
6258
5918
7407
1901
7527
4695
6592
6746
1535
8955
5346
5499
5007
960
9812
1673
9653
348
9238
8016
5191
8002
2630
4261
8989
7119
8316
5854
6542
8749
2205
3884
4652
225
3838
1916
7799
5455
9379
484
1061
3549
4863
4344
2849
4230
2113
2229
9812
4898
7035
458
4241
1023
7800
551
4995
3871
5249
5900
3403
1132
4884
785
5342
3609
5178
4702
6643
4305
832
851
8153
3823
9069
3427
9654
8430
4558
4498
2131
4680
5547
2194
726
4007
6011
384
7490
6260
993
7265
484
3963
7470
9021
4694
9135
2593
7602
9007
7702
1416
3778
5989
6685
9086
5279
2891
9003
1932
6352
9440
6807
530
9719
1519
9165
1011
1385
5259
7182
6192
5192
4574
1607
5887
1964
3248
9410
3375
8132
9209
8602
57
5123
1660
9557
5706
1630
2285
2225
2902
9869
7164
6178
9122
8995
8203
1126
3188
3744
9606
9628
1255
2132
697
1037
6141
4376
5299
3801
8963
4500
9933
7303
135
853
4533
5397
3264
7072
9811
2104
2396
3772
828
4938
8915
9528
4843
3748
2584
5348
9600
2847
5813
2960
7900
9834
6805
3027
4340
7087
4795
2096
399
2063
2366
425
7209
5002
9733
5245
3858
2900
3386
139
215
922
7330
8998
5911
6979
1749
6832
5302
6804
4282
1088
8965
2737
6915
4928
5947
6025
7405
6872
9706
6044
2780
2983
8520
650
3312
2441
6845
5808
635
2331
6317
7272
2133
3795
4632
5224
4353
129
7204
1824
2008
2992
1110
9928
8276
9659
3855
1834
490
5929
1495
5314
1303
1715
3148
7683
6231
2135
473
6147
6781
4378
3273
6453
522
2117
2341
1870
773
7962
2984
7332
4845
5269
7334
5321
5147
1782
1406
2468
5452
8040
2564
3770
7835
8975
3479
2272
1674
2313
4824
52
6996
6574
8158
5579
1088
1124
1558
3848
3966
2639
7774
8140
483
7516
5092
9963
6249
6810
2589
1907
6155
2481
8033
6872
6754
4175
2446
8804
2923
5415
6136
5921
5749
8016
460
8724
602
671
6987
7445
1353
7146
7124
7500
7393
4022
1815
8335
1834
1008
5721
4774
7684
2490
8202
9479
2775
443
2067
5604
1529
3111
5809
9246
7292
461
8927
310
3360
5294
5116
4707
7403
9456
5162
4958
8735
8670
3362
5331
6912
6534
6945
4620
8333
2980
4228
4771
4269
9250
1319
2895
860
5284
4914
1641
9951
3188
5637
335
3753
6835
5006
4824
795
5204
7534
6274
5643
4417
8299
7732
6818
2491
8236
5560
3872
7165
5375
6059
7437
330
5590
3319
6714
2087
6418
2692
3002
3545
5375
4338
4128
5726
3267
5242
8712
6391
3619
6594
2558
9503
2166
7958
426
2540
6529
8769
4790
3961
5753
869
7862
9507
3680
1506
4190
9469
9460
78
9238
9640
1806
3263
7586
9239
7326
6220
8619
3905
9214
6617
6626
827
6039
6686
3355
5039
2522
9561
6852
4810
2263
9129
137
2088
5367
9139
3347
9574
2393
9629
5178
6749
1700
1699
2724
8123
1296
8939
5350
9730
5743
4852
9555
2500
8855
8472
6259
2036
5820
8250
9110
826
5145
9848
8450
5481
5775
1182
8452
9530
2125
7740
6481
8614
2603
1993
8314
1794
7368
9428
1701
9507
377
3878
4675
2300
4047
2560
4491
4220
4196
4085
1754
8807
3479
4668
1733
2310
9760
7300
5201
3747
5920
1547
4454
855
7347
3812
7299
6572
6970
1671
6226
6996
7666
7366
9924
4410
1741
2901
6466
8641
5905
2651
9346
9513
9684
7238
1440
7715
7767
7431
9695
4080
3547
7200
5029
7250
9100
3315
7614
679
6678
4246
7651
7718
3057
217
1781
3419
4230
7420
1011
8315
8145
56
142
7243
6507
9457
2827
708
6494
2815
3078
692
788
7356
8428
8460
3027
1531
7828
4802
9327
6637
2471
4755
1935
50
8097
9641
407
750
53
1455
650
5804
6450
7420
6359
5718
4401
5293
3655
7354
8413
4563
5847
7764
6559
7927
1180
252
797
5249
1129
2978
9834
9949
6082
443
2433
9654
1974
6989
8731
5098
8899
9605
6402
5361
9168
3030
8960
4402
1068
8343
5614
5980
9456
7632
6349
9814
8496
5851
710
2296
6352
2467
9472
5456
1516
4816
9638
7397
4738
7544
6477
8843
9028
6902
5860
3275
771
6849
4085
2665
9587
1795
534
9185
5205
5667
9585
1909
1939
1957
8060
4295
4361
4317
3875
5612
7634
9982
616
3922
3263
4778
7530
4900
5224
7306
5419
444
5916
2602
6276
6322
9160
406
8630
8249
4072
1535
471
9182
1554
3742
9760
951
4943
1596
2921
635
7600
3090
6727
7783
4270
5686
9939
9410
2566
551
5205
7870
7751
1895
1790
508
1
2300
8933
6564
8931
2612
5446
6714
3635
9732
5596
6504
7040
6204
6779
3809
9074
1413
6225
5325
8357
7070
8695
6439
9951
8653
1391
1304
8807
2191
4782
7962
5644
7730
1944
3820
1760
2665
9251
7773
3078
5686
7020
9891
2689
8699
555
5528
9274
6217
1523
9921
3335
8031
9245
4417
7547
7247
5057
3631
2893
9482
6990
112
8690
3741
6416
992
8370
7562
6260
2356
626
730
2262
3973
8060
8631
6625
4760
2457
6689
1245
5127
3870
4877
2572
6842
2174
3600
5261
3341
8275
1299
7318
2433
1216
3271
5348
2661
586
9399
8994
2387
2129
6914
4135
4208
8103
1833
7966
1325
6078
5246
1807
6208
3808
489
5427
2889
273
3757
6468
7445
8767
3961
6798
9424
4301
7504
1978
3037
8919
2962
9750
5894
7945
4623
5818
4127
3935
5915
4115
6123
3935
5025
5996
9845
3038
9842
6323
3152
7855
2527
1227
516
3839
2869
7855
4765
591
4671
2279
1226
5287
3860
9889
2685
8760
2407
296
2145
4586
4706
3480
7972
6383
1735
1157
6111
6550
3702
4426
7506
9204
3592
4321
9037
293
2541
789
4037
1058
2493
5478
6165
1543
140
1325
5539
4382
9710
2106
9491
7775
90
5836
8213
4653
3171
4100
6549
8584
8201
4657
136
8624
5392
7560
6127
2072
3228
4670
2049
3490
1266
3967
3929
5113
388
2524
4748
8375
3418
5616
8402
6363
6636
109
6248
1325
9817
2518
2055
8296
4577
8039
6900
9452
2602
5627
2332
7545
6770
4528
3481
7132
9651
2224
4389
1665
2378
8962
9077
7710
3629
7941
9263
1250
2894
7676
5499
806
5026
7066
9918
4471
1980
3870
156
6291
9692
4553
9292
5227
7760
8821
6772
5564
6558
1144
6559
9794
6576
5435
6356
3997
4077
7873
202
9136
7801
127
9489
5378
9167
1487
2768
8497
7513
6802
3936
442
2008
2816
2002
3505
2541
8366
7276
4425
2385
7778
791
316
9797
8451
7666
9374
3302
1890
7292
8227
8632
9372
4068
254
8328
5615
4052
5350
2239
1127
4480
8192
1463
8336
5214
7984
7957
7692
4763
6115
6304
5441
8143
3553
4526
865
8084
1248
6123
1268
6018
2885
4439
6746
1568
8359
2395
2433
2282
759
2094
2418
7609
645
833
436
4355
2295
9533
6305
4943
9966
881
2839
3073
9830
3296
5140
9272
8151
2040
3991
6304
3900
1916
7547
4051
5893
8142
8002
6702
7787
5513
4507
5360
9234
3400
9594
1866
1508
9227
6574
3709
8798
1203
8317
2249
5535
8001
3955
2152
4308
7602
1249
8252
9944
8199
4779
3773
9046
2734
2958
5880
7220
7909
8785
9552
4119
4727
2554
1817
7594
6818
2140
7034
8191
2219
3825
417
6609
1577
9017
185
6448
2198
7176
8637
4033
415
6624
6888
5171
3651
8704
6235
2822
9075
8857
5470
4284
155
8279
5002
7869
1581
1405
2848
6607
5895
8282
5434
4144
6188
2616
3558
6182
4293
5556
5479
2837
8793
4186
6362
5472
6711
1318
1093
6019
8858
649
2649
1659
3897
9890
1302
4249
9345
3513
3862
5762
8933
7115
2332
862
5497
9445
2015
4003
1545
130
6603
1191
1163
2460
4917
9269
8775
8445
9162
1451
9044
9783
5482
7451
8413
8258
5232
7091
6864
456
4100
6400
7792
9345
9450
2375
4437
8358
1232
8115
7827
3093
9603
4036
654
2729
4475
8148
9072
7277
6908
9456
8481
1126
1972
8881
9252
4899
3126
4458
158
3082
7421
741
7453
4824
4357
8614
8640
3260
3435
408
8161
3430
1735
3072
6186
2069
6716
9866
7116
2780
985
3292
2609
9545
5502
8693
7808
4369
2561
6488
3325
6758
9212
8134
676
7544
9770
212
8845
4254
9206
7416
5549
3374
6260
9202
2924
907
2441
4359
1549
175
9244
7232
1775
4406
390
4561
6155
8762
4736
8703
1519
1526
4989
6649
7925
6712
3379
7070
6005
8992
5175
9410
2980
9854
2937
5225
3316
1341
6330
6061
4813
8680
2331
5401
5378
3456
6941
8099
6702
3684
7569
2783
2643
2419
5845
3300
87
424
6024
9572
211
1535
889
3616
8703
8627
3423
2971
7433
1135
8433
3109
6058
8304
1858
6039
6649
2125
4990
5318
6055
7874
3588
3354
4183
2304
8257
2585
2608
1016
5542
1818
2476
9989
8403
7215
8952
3488
8319
4071
4186
9306
3357
3569
2492
9070
844
9412
7281
1522
7620
1212
3326
2656
7928
459
3650
2332
8958
4035
3428
7978
1135
354
4786
8826
8389
886
2625
471
6125
7501
2606
4954
6828
7513
3588
1832
3901
5933
2821
8408
9436
299
1788
847
7526
8473
8507
5971
2598
1851
9207
4991
2417
1422
545
8932
3392
2638
2561
1068
6679
4954
9813
4462
7023
6570
9815
3335
5933
4522
1259
6719
8508
7005
2813
6182
5103
4104
1222
1031
297
9559
7697
9929
8760
5660
8856
1930
5432
1929
5174
728
6120
4650
1609
8616
718
9634
770
3521
2330
7014
4458
167
7940
4904
2401
1768
5736
4849
2932
8139
3370
2993
1223
5130
4152
9429
8172
9516
726
3695
8979
3578
1869
2631
5752
6147
3037
542
6537
167
8796
2615
3767
8063
7064
3163
5499
4310
87
2494
8221
883
2114
3162
2418
5399
6328
1938
659
3668
9732
6721
5418
3637
1345
5389
7024
78
5505
4647
7344
6113
6406
374
397
6409
8699
9641
2458
6164
6372
6648
4534
3392
2207
5385
9628
5748
4143
9998
543
8678
6791
9341
7345
7856
4601
9552
7266
4875
5187
1452
6877
7277
4611
3203
5335
1427
5997
1407
8092
1873
1236
9362
6305
7374
7896
5591
9471
5723
515
4402
9242
4591
837
4249
7026
6350
6648
3629
9085
2541
8331
1787
1876
6162
2115
8479
6828
1349
9178
3413
7854
7968
690
9112
1197
6106
4795
9535
8892
8526
9822
8389
5219
9068
7850
8671
2453
3574
9320
653
3742
9712
2205
3157
5519
3547
9265
2669
2379
9412
1869
6445
6303
904
9651
9001
8241
7113
8958
6643
9864
9944
8373
9220
2737
227
6188
3456
7066
5757
9784
7952
6519
7677
8882
2844
1343
3494
1850
5982
9635
5360
1762
8720
4566
7856
5714
8843
1968
1838
4167
6893
8002
4112
5270
5536
359
1503
3405
9848
5859
976
7982
3268
4587
1783
9303
8738
3553
9062
6339
4651
5044
9355
466
14
9510
1022
8579
3929
6817
2169
4716
8295
5477
7393
2030
4234
3430
3184
6955
5710
5295
9599
3902
3895
1889
9119
583
1962
6717
1719
7326
6587
2103
7239
3418
1446
1036
4794
4084
8658
8484
5420
8152
9547
777
7998
767
8504
284
3222
9808
7363
6540
395
5194
5073
4572
2843
6715
4669
8537
5809
2439
8238
9509
1045
5588
1767
3736
8886
4963
251
572
9115
7381
6056
4338
9607
2092
8717
4461
3767
1779
6496
7362
5596
5729
2273
7671
4450
462
2650
2795
9649
7415
9189
8839
5308
7770
8465
3988
1452
6487
1794
362
6149
4466
7544
3328
6348
6068
6942
1049
5097
9713
8896
8752
7161
1371
2829
9570
232
8330
1605
8897
3842
283
8379
4971
6664
6221
6192
3142
7879
9315
2032
9070
5920
781
7873
4282
3914
3547
6780
3624
6336
898
6815
9093
5419
6566
4734
1522
1629
6041
998
7176
4246
1062
7135
9547
5855
7521
9847
9022
247
5188
8624
4733
6642
6424
6521
7162
3500
7817
2225
445
5742
6682
7205
3582
9232
7857
8696
6190
1341
5221
6654
7598
1149
7076
1679
8451
8171
1335
2127
300
9733
648
8946
583
3323
1264
9235
3782
3318
8785
3152
7116
7518
7284
7147
9611
4428
3469
1301
7997
7584
8830
7845
3087
1061
1715
8036
6641
8362
9732
2014
2455
1160
8640
6802
1661
2278
2724
8705
8765
7509
6186
2283
9982
4787
7765
7938
1880
4066
9065
3174
1574
3127
1367
7703
7939
7477
7053
3590
5233
7252
5258
670
6824
7877
2766
6992
1248
3825
8774
9155
9597
0
3028
7871
5337
7394
379
9593
15
1938
8463
4854
6184
4893
5439
497
8829
6657
7699
1270
1584
5982
3363
3628
1457
4806
3263
5479
5504
5691
5215
6651
5879
6126
8080
5581
6185
3247
4240
1113
4994
6169
1777
7219
7926
4839
5508
9280
6354
1083
1911
5779
2957
3274
4874
7979
5029
7449
7139
22
2880
5635
2589
764
2751
3696
1899
1785
6910
1800
763
6811
8733
5670
3853
1881
3542
5373
357
2253
3504
195
8903
7851
3546
4858
9937
1362
4939
9712
7972
9674
1194
8546
540
2394
2694
6048
5680
2977
5906
7201
8626
3455
722
4916
9638
6540
8000
8081
6128
8598
8189
2774
9732
9483
9856
47
599
1292
1993
1374
1470
9119
6586
2950
4494
2732
5825
5456
2336
1759
2461
8413
9215
5776
276
8934
23
590
1715
8283
8000
230
7573
1316
8263
6908
9463
5858
934
2051
1637
1971
6648
1122
2962
675
3843
2156
8411
3465
4092
5095
6971
2773
1155
3750
5709
2915
6499
2000
7268
4641
9204
7656
5432
7412
3701
3230
8713
9130
3650
2818
3553
703
5839
4471
5890
375
5384
5068
384
2943
970
5721
6621
8000
1192
2145
5674
5530
3528
3596
791
594
1620
5912
9297
550
7269
8621
594
5046
4754
2648
3324
8075
378
6068
9106
5221
6973
5295
3854
6564
2329
6324
2933
726
4886
6933
4043
6510
7598
6000
1919
2883
5234
4296
1027
7485
6682
9293
7111
7668
2078
1014
9842
8630
1305
1437
1613
5892
6868
5738
8244
5409
1283
5766
8648
4013
9300
7709
1957
1803
9587
5485
5460
5190
6662
3023
3618
7783
9481
6944
4869
1303
3904
8097
6872
279
8826
2947
9324
3497
5374
5568
8035
3166
6324
2373
6
3892
6506
6431
9482
9781
7284
3403
900
8820
4269
9746
4237
3374
2039
4108
5577
7527
210
4174
55
2949
4593
4785
7514
4308
3707
1335
267
1887
9333
5145
4367
2640
1285
2068
470
9554
4463
358
2755
7848
767
8467
4574
8546
8507
5020
386
5863
8273
3146
1637
627
5824
7867
4615
6524
7554
138
5445
7751
7178
3257
2259
8547
1514
6050
2086
7904
7596
5120
9151
664
757
3781
792
8822
6581
5723
1599
4288
1898
3609
8687
2813
6244
8067
5009
1690
9946
7163
8696
4572
7394
8716
7768
414
3045
9851
528
1324
3736
9103
454
7894
9437
4974
9037
292
4092
5130
4677
911
5035
4910
9413
2873
8270
9178
3963
4792
2667
8858
4817
2381
333
1712
5391
4271
6695
6054
9415
1210
7582
2355
3857
6683
9975
9062
3525
9442
7905
3781
9924
5539
5925
7662
6402
6127
8760
3818
5289
9120
7154
9319
5991
2833
7581
6454
6671
3199
168
7573
4099
8057
7854
1401
2523
2426
6437
2770
8278
8644
29
2487
7924
6648
7854
6222
2569
5595
8217
6876
1338
7325
8994
7497
3857
455
7799
5190
7104
4481
8206
4601
7763
9836
165
7800
2984
3675
3184
8681
4297
3887
5637
8318
488
3363
1456
8530
4734
782
8902
6638
5976
5532
1048
7010
2513
3119
4223
6557
4311
3316
6610
8110
3710
432
6562
6866
6589
764
8249
1315
6397
1925
505
889
7634
8995
8400
8655
4316
8571
8359
2537
2614
6981
2553
1107
9069
6903
1480
847
9072
9135
3306
8399
3608
2990
9155
694
8586
4954
6318
3910
5364
150
2384
6841
7256
2590
8731
2156
108
9554
6208
6908
3958
4785
7237
494
1964
4878
8397
6523
8884
9238
7428
963
6104
7287
9084
6557
8168
5270
3505
2398
4552
6584
2356
3731
3450
7816
1804
732
4884
9762
1940
7364
4466
3826
3956
2809
2557
530
1635
7101
4192
9712
7775
6968
1503
1770
1916
2891
225
1553
9800
4850
2751
1644
4868
1070
4068
4751
5708
6555
3795
4665
374
8197
2264
7628
9293
7183
5757
1035
1275
2696
248
7858
9869
1753
6430
1585
8058
4063
1374
6256
9000
8320
1429
5842
9029
2432
7217
5758
4929
8530
2506
8555
4553
942
5855
771
4528
1534
6955
21
9913
6208
575
5711
2301
8398
8060
4527
5346
6997
1583
3256
5075
9597
3624
6721
9785
6398
733
699
7066
3629
1119
1042
4
6439
3131
259
5414
339
5558
2913
9158
2573
855
6859
883
8199
6819
7973
2387
2845
8528
6259
8964
5602
4917
9808
4202
8335
2558
2596
8290
1014
991
3378
7152
6342
3688
8550
6926
3545
8535
6030
4019
9735
2190
2410
4992
5598
3066
7676
1864
2550
9123
6522
360
9876
951
8967
8640
9035
3708
7037
5297
2546
6437
9719
3043
916
7175
4327
3145
15
3424
7440
8595
950
9108
4985
8628
679
6008
9020
252
3144
2613
2530
4301
6947
2302
6637
3392
8682
3414
829
9360
3155
3282
3839
4896
6119
2935
7809
8906
668
2560
7124
3971
5308
7555
7015
8224
8958
392
4649
7171
7439
6734
3359
3429
6160
2931
125
6076
9905
3380
7066
3351
2205
2917
7024
2606
8859
5856
9691
597
3779
8712
5143
1828
8719
4367
735
587
860
5690
7366
8705
7279
9051
8582
3276
3163
6788
500
8381
3786
406
7570
8823
6863
5101
8428
9092
800
2032
6144
9581
6463
2137
2122
255
1764
5207
7046
6900
7953
3854
7156
6563
6589
5463
3269
7479
2972
2447
733
1944
555
4897
8104
2898
6693
3872
5342
8412
7799
785
1773
8914
7018
3543
4491
3854
1935
6146
8832
7795
1917
4755
623
6371
2375
6319
7238
4140
382
7027
3640
9282
2718
7794
2301
333
5694
9431
1223
4537
3579
5159
2767
6822
5929
4945
4827
717
1279
4130
3364
5842
5260
7507
28
1423
3520
5859
3962
2996
4543
7586
7686
6380
701
9177
3204
6820
9453
4400
8734
4585
1891
5312
1283
385
5778
288
1982
335
9376
142
1172
1505
4401
9851
4691
5748
6529
1324
4529
3148
5762
1517
3938
6251
911
9705
7360
4645
2979
9207
7022
6374
8727
4995
8976
3767
4079
3227
7477
7934
1304
7834
8983
150
7343
2408
4896
8892
70
4968
2541
7898
3277
456
5661
3992
242
1748
6065
586
5420
5946
8589
3238
4408
8554
2733
9340
314
5403
4130
3345
9264
8646
2182
7433
5364
9149
4122
2604
558
8460
2907
5202
3053
4846
754
665
7471
9595
9415
6042
4168
1126
4798
9682
1522
7896
5317
8852
9127
9630
9072
2694
8428
5286
5410
6327
1000
5236
6232
8749
9025
2397
798
8780
2294
3426
8225
9761
6929
7183
108
4725
3383
6384
5470
3677
6217
3600
2653
3137
31
3986
6537
7695
3073
5550
3902
9355
3299
4377
251
4157
709
9157
1122
6497
9749
9432
6740
8255
7874
3781
2604
9450
1357
7508
8139
5727
3654
6475
876
5816
995
5471
4794
7720
7570
3722
3885
6041
9582
6272
6540
6205
9603
2707
3714
3428
2327
2091
69
7892
5887
5307
2425
7584
1489
2975
3354
5018
9919
9446
7681
4632
7083
9525
4176
2615
7117
5690
347
7821
2923
8794
9101
1195
5656
9529
8232
4038
6069
6609
8416
58
4680
7644
1616
8845
5274
4173
4477
5619
305
4670
2448
7286
1228
7192
302
8749
2425
4550
657
2521
2542
3163
9667
677
5129
6041
4391
9200
3286
2169
4052
8408
3209
6414
8103
8002
3343
5715
8037
9429
9123
6839
115
1940
1365
3949
8700
4677
6681
2509
3012
3574
989
1704
1503
1658
1515
4835
917
6154
7754
314
5233
4516
9896
974
5691
8410
6719
5922
884
1063
1207
7631
5430
8132
3605
8137
7757
3115
1786
8515
8196
2144
6308
1166
6598
6448
6618
3749
6022
9903
6298
3495
1160
3740
6102
9145
816
6031
9246
6302
6097
672
7753
4236
3984
3847
106
3935
9282
1307
8539
1067
4575
7950
5351
2432
1622
9315
830
6198
2930
6989
92
9677
2105
8920
3667
4271
8923
6138
3648
8370
4582
7841
7184
6880
6814
888
3041
6568
8919
9883
8160
6633
5053
7304
4137
5887
1280
6429
60
8129
9019
5331
520
5645
8368
59
3762
9612
3814
7987
8486
4135
8329
7702
4077
2161
9585
9829
7826
1147
4032
9305
3148
4312
8762
7074
3030
3528
4320
7238
4144
1
987
3626
5164
426
5615
2951
4194
5
7129
1446
2172
6818
156
4984
152
9057
653
7039
4391
6560
8559
5848
590
2485
7212
1357
2801
3877
1016
7532
3803
832
5723
9947
6794
8363
7621
2059
8135
8793
9224
8403
5568
2760
2481
2419
8840
6359
9707
8099
7475
8443
4263
237
8867
283
9342
715
5438
8430
4426
7323
3393
2911
9116
609
2260
2344
6709
2438
2223
978
3452
9986
9645
747
6035
2663
2632
3201
6986
6048
8819
5558
733
1664
672
8546
3116
8563
6445
2872
991
2379
6183
5239
3487
1370
5273
4848
2386
7575
423
882
4368
6879
1675
80
7730
364
3459
3049
7383
7143
2814
9459
3898
7068
4960
5711
6455
1639
9653
3508
8500
761
1470
4230
7891
1695
6912
9586
5555
6875
5806
2633
953
410
1747
3621
2739
1998
2716
9366
4702
6726
415
7174
184
4128
7658
413
5775
270
9323
1221
4669
3274
5878
1836
4217
1364
9578
2956
3780
8812
5966
7795
5913
1427
9367
540
2812
2642
6865
7378
514
7725
4225
2061
9051
6554
9146
3200
1259
7566
3837
1819
4465
541
4462
8247
6802
7469
7530
7415
4670
5028
8555
1355
5252
3163
672
1331
7652
4897
8207
6365
9614
8213
5151
5636
8648
3724
3334
9188
7695
9099
9885
7346
1235
2253
9333
3815
1310
5365
7047
5423
6917
4609
4872
1442
3709
8482
4259
7964
2421
8865
4744
9676
6024
9221
9703
4802
6237
9592
7629
9840
2120
7345
9662
8824
4470
6699
4935
544
1725
3460
755
7501
2751
7591
4336
1554
9828
3880
2205
2147
5857
9031
8308
9399
756
8065
1425
7777
1367
689
2480
1663
304
5833
4816
8347
3950
2506
3134
9641
1156
2792
5684
822
2332
6181
532
2446
2909
459
7269
8616
8421
4535
573
7428
53
6406
7024
8701
3287
3761
5821
859
8703
2502
745
6925
4552
5284
26
5789
5603
7124
6521
6763
5028
9343
189
2100
8396
7381
5532
9847
6173
2224
3777
4780
5756
9403
7467
6809
1472
8450
1203
3981
2550
2364
5483
557
293
6860
2048
658
4116
111
7509
2362
5576
3510
3331
2912
5960
3795
5650
2268
9375
1067
5032
825
5521
6182
8493
7493
5486
1272
1763
2548
4880
2845
1086
3597
9339
2903
1009
4106
8095
3204
2253
4495
1629
624
450
4665
9024
5937
8953
6717
8331
8716
4598
9370
517
4130
5506
2318
3810
8129
8652
5323
2745
7481
1660
9669
4024
1196
6148
1175
9127
2737
7138
9460
4960
6977
4047
804
9902
136
7227
4442
5966
6410
2766
5242
7687
9293
4269
1628
1301
3507
1319
9806
4091
4923
861
9887
7384
2259
7590
5177
1845
2436
215
1455
7691
1682
802
714
2092
2571
8634
6219
6144
5387
6375
2469
3092
5603
6573
6354
3705
4157
7968
1348
6617
5199
6138
5895
2402
4557
5197
3074
7781
5087
1522
814
4910
5891
5420
2655
5596
2528
487
9442
1702
6248
5895
4949
7904
2972
6487
2072
9177
8914
9577
5293
6348
7399
88
8456
6181
1737
3310
6803
7309
108
4361
4276
4098
8462
2161
643
5576
6050
1535
8023
6665
2615
6262
8701
9949
2911
2920
4764
5621
5227
1177
5590
8189
9597
4222
6766
9756
7663
1689
7121
4485
2612
371
3433
714
5066
7237
5941
2108
7630
8113
6925
8941
8291
8223
3761
666
3365
1002
7961
1335
1231
1105
6189
626
5029
3967
5100
2050
808
675
9832
2703
9195
2256
8869
8257
6137
8007
725
5695
2348
6857
2224
5916
9367
5235
5858
5654
2522
2239
3992
4035
9456
270
2269
264
1667
2369
7414
9150
7769
2195
590
8974
7326
8757
4599
295
2537
9747
2535
4292
9360
5007
7568
5074
2824
4535
8624
9520
4198
4948
2330
2018
5092
472
1
1092
3197
3884
1377
4286
9785
4473
9259
7348
9831
167
1036
3525
6315
5909
6061
9649
7807
5331
5096
455
1229
9827
3484
7654
6135
1391
8750
6716
7132
8043
5384
2894
2349
6340
6844
2715
2642
5290
9978
7449
2701
3841
4633
2592
2649
8580
6304
4795
5595
8837
5814
861
7334
3827
4308
1556
9980
4869
1158
6880
3804
9280
1343
2156
847
142
8131
7646
207
2178
1686
2326
5017
1043
3546
1262
9688
3863
8374
2597
2496
3919
3101
2258
4903
5884
4346
7559
7030
7120
2636
4705
3844
4816
6868
2569
3869
2000
6628
9155
4517
4027
2665
3429
3710
791
3106
7725
5355
1054
1252
5823
621
8845
6435
2934
7663
3267
9736
5551
3481
2663
7175
3837
2002
6565
6017
31
9553
1167
2163
4506
5872
449
2006
130
7370
7492
2335
6210
2552
4170
2751
201
2355
6109
5720
1821
5474
9293
8101
3513
1754
5489
4197
8091
1232
1492
4398
4493
7896
5088
904
8208
9945
1813
5729
4103
1245
9426
2558
364
9244
3626
3822
280
6496
7111
5127
4218
4489
7315
6435
8304
4111
96
6379
6309
8665
9995
6986
2665
3923
8788
9057
4673
1083
5004
9414
843
8260
4786
7039
54
6529
5980
1654
6318
3469
306
5710
980
1494
6228
6489
7811
3916
6474
6698
5304
5103
1276
9286
5905
7790
9888
9391
3206
9419
1985
7049
2031
5750
614
8228
6397
5636
7471
9243
2973
2026
6229
2248
7056
2744
3816
2968
6727
9206
3909
6723
359
3304
1316
4157
5753
8895
5319
1119
5305
9531
7298
308
5167
4001
1854
9708
8353
1237
2508
7569
1882
2205
3278
3695
6664
5524
979
3645
8065
4533
1032
6103
9978
2221
1805
6408
7796
6817
788
6305
8265
6406
3011
9731
5851
6555
2804
679
1807
4386
8216
3585
3179
2809
2111
476
9786
9080
4445
9232
1028
8295
1120
5460
543
6582
5338
2000
318
1871
494
9920
3707
1228
1786
7377
5569
8866
4782
7559
3039
2685
3000
1228
8745
7580
6701
5254
7885
2323
2260
841
3273
7619
9751
926
6999
809
5732
3858
3779
5877
3430
509
4829
4540
495
8256
6627
461
8055
1141
1741
2030
741
2625
1747
8084
504
7317
533
4170