1886
2018
7357
8025
294
865
1383
7893
3999
1104
8649
6888
2721
5847
3160
657
2152
7338
3478
9038
8617
778
506
7228
3041
3449
318
3037
6695
816
4899
2358
9406
4833
7696
6791
6203
8182
5465
8248
1930
9074
5520
5112
5144
9246
328
5182
68
5012
425
6846
7687
4937
7106
1552
1875
8516
135
5123
1560
6840
5086
6484
9999
8582
3333
1813
9996
964
9150
8741
8591
6897
9847
1804
3569
3400
5591
5735
9785
9780
8098
9821
6296
5996
5222
4685
4102
1912
7357
7784
3404
3274
4028
8675
204
988
8775
2924
8036
4305
3559
707
7075
2274
5597
7840
9489
2832
160
6000
1275
1729
9282
7035
2604
3271
9540
3371
5302
4058
4714
7384
2512
3476
7253
6123
7345
642
5771
2261
7821
6721
5596
2846
7664
4468
5103
546
8234
9382
5050
6763
3436
4547
4463
7187
5521
7055
3587
5396
7712
5115
6497
8046
8769
5336
89
9218
4328
8336
3190
306
7193
7586
729
7044
8381
7896
7778
5674
8445
6563
9957
2582
8967
9840
1658
3638
2268
5183
4600
9876
8747
7038
9435
2787
1732
9534
5738
9900
7086
1933
1636
4499
7079
6035
3920
7983
6146
5499
2526
6493
7404
5752
2181
2944
4059
3149
5547
7668
9155
6183
3108
1168
4120
376
2632
1095
6722
4634
4337
1860
882
6362
1076
599
6326
6411
7915
3720
1234
6697
8930
3548
7439
9611
9736
794
5273
4231
6045
326
4579
5191
4981
15
7505
8814
319
6823
4367
1682
6726
28
5348
9868
8914
1135
9395
6381
2193
764
303
7160
2182
4007
712
21
8322
1519
5922
4452
7929
4098
6009
3273
5009
615
6139
5075
7300
2376
6955
5184
1006
7976
1725
6647
359
1036
5324
3967
9899
6660
6955
7106
4336
8692
3042
5375
7153
3369
6556
2461
5118
4668
1906
7028
5205
9390
1946
3262
7424
2425
6835
154
7651
6499
6024
1393
1289
9275
6291
520
4924
4373
3797
3122
4464
9684
4933
2603
3761
9279
4679
1734
7317
3128
4805
9165
3688
575
9213
6875
6737
5541
8867
675
499
7680
1466
1202
6034
6402
3438
5330
6551
8209
7236
8975
7228
4584
3530
9834
1095
1372
2041
1747
2519
4629
854
1977
9560
1197
7407
2938
5936
6523
7093
8216
1999
6108
5765
4195
7031
9922
4909
8630
3243
5335
617
340
7605
962
5379
2309
1479
7505
729
5973
7767
3511
2949
3932
976
773
6672
2648
4665
2247
1061
404
9096
9850
4404
750
1500
5226
6818
4352
5376
4576
8365
2851
1275
7099
5018
456
372
5858
7678
1996
897
460
1124
5002
3012
1640
4981
4307
2953
5891
8711
9298
8814
9381
1374
2154
1915
486
6221
6512
9687
5752
9714
1173
4291
5752
3305
2219
1338
1748
2623
5091
8239
9189
971
2468
633
3505
1185
8259
4701
7981
1804
2934
9851
1876
1476
2454
3742
8662
1564
7216
2722
1631
7680
4460
5377
4100
860
1783
4249
4258
1960
2280
1996
6112
2187
8592
7338
4243
4859
6929
6480
1573
7991
9668
2657
6364
5310
8168
8364
9125
7166
3039
516
5199
354
5968
6001
5828
4734
206
4678
1797
129
8165
4065
4643
3568
8303
2475
803
4119
1898
5544
8165
4244
375
9869
9937
4077
2574
2983
1043
5548
809
6627
789
7319
6312
8194
6402
1015
2785
2043
1763
5926
7714
2208
502
1293
1904
129
5255
9153
9863
7329
1347
5180
519
6473
7859
4776
6324
7037
4183
2598
2922
3512
3316
6860
3662
3488
7380
9508
2983
6720
7447
2768
9726
3687
3460
2095
5618
5652
9453
3640
7800
3449
4720
1929
2606
1676
5116
7341
1669
5944
3067
7510
6126
796
2278
8524
2322
4287
4814
9669
4655
6963
4925
2397
5609
6718
1688
2419
5882
844
3705
5457
5100
5445
3537
3827
1833
124
5393
5303
4256
1164
8636
1494
9520
2081
4987
921
4549
5742
5171
6600
3288
6450
1046
9218
9337
2612
9676
6318
8440
7416
8863
3603
8468
7218
1443
377
4251
2692
968
2136
5809
6816
7564
4932
7486
9838
4439
9944
3143
3718
4489
7398
8358
851
4990
2611
2663
3847
9531
8874
620
4885
2134
3680
8657
6193
9970
9702
860
4534
580
3019
4632
5498
9198
9396
1828
380
5721
5572
11
9696
5518
8726
71
4739
757
7631
4816
8153
3227
1710
4329
6269
6272
7880
124
7599
5599
1691
4063
4745
5359
9355
5754
8272
5975
5443
6409
5901
8191
3132
4490
6914
3871
4454
1908
8648
5980
8112
4744
6062
4522
1164
150
4252
828
4109
1080
246
4402
6774
2829
6188
1882
3959
7897
5504
7535
2238
791
5099
3045
5959
9452
9607
8015
2549
7430
2704
5775
128
8270
544
1041
8054
8829
5765
1802
2908
3869
3425
5616
4699
8078
9541
1408
2802
7100
3833
6204
8322
9751
1691
2620
4389
3345
9706
1135
2894
35
588
3501
6638
5092
2253
7925
9618
6057
4824
6259
914
6940
80
7570
5855
5634
314
3109
6281
4918
8199
2046
741
8200
6214
6628
6282
823
2278
8438
9946
7547
899
6833
2820
5195
4220
913
3707
6909
8333
6777
7739
1072
5691
1495
5870
3666
6330
3015
1008
4386
6576
8524
2446
1079
2116
5461
6853
4333
4218
9754
7284
1317
4323
751
4104
3828
5946
5281
57
6929
5398
4311
7730
6221
8035
3592
6243
227
2276
1058
8240
8980
1760
8155
7304
3634
8374
8916
3310
5475
9705
4918
8868
5350
3523
8212
7826
8725
4919
9559
512
1409
8614
7830
3395
5879
870
9399
7862
3691
6876
1542
8006
916
5785
7161
9453
1115
699
9167
2079
1976
9690
5263
854
9419
6306
555
3714
4916
533
9862
1394
3047
6536
6844
8660
4829
8906
5996
7568
8692
6029
5865
5055
1976
1240
7795
2540
8763
8425
9651
8079
3526
9493
4155
1091
7157
5190
1958
1457
9655
4255
8488
8348
2365
2558
7780
3944
20
147
3046
1587
2632
7089
5642
482
9835
533
4153
6953
9607
8955
9793