7036
7858
9518
3658
7365
6641
817
9227
3904
8995
5579
639
6199
9601
6276
2428
4912
9001
8093
5199
7750
989
6652
8652
8818
6079
1516
4337
4650
1273
9725
3714
3134
668
6656
4161
2308
9
3689
1991
4906
8280
7764
2965
3727
831
1450
9206
9189
2812
5099
9955
5331
4634
3606
5887
3946
8306
6889
4784
5179
7888
435
8568
5196
9207
6873
9018
3355
1288
9457
6672
890
7008
8597
2082
645
7783
1619
6758
1747
7076
816
6680
8838
1260
7660
6148
2054
1565
2366
7054
3061
6917
3127
122
301
6728
8098
4526
9497
291
1010
7116
7163
4643
5795
2717
4817
7426
9695
165
9619
6544
7461
9209
2482
5515
5257
3779
593
7938
1693
5706
7398
4418
5197
5289
5801
1693
8054
828
6459
5490
6732
567
8325
7381
7014
9940
8984
666
4203
5257
2397
5742
9362
343
1156
1918
774
8986
8814
8876
8336
7000
5324
2071
1720
8843
4498
1170
7890
9492
6935
3113
8954
4074
8264
3002
2582
1018
2534
1581
7261
7203
8673
898
6711
1348
7824
6874
1564
6738
819
9007
2698
2653
9481
1655
9298
1827
9027
4498
1920
530
8268
4865
4400
4487
8277
860
3017
9999
8115
9944
9785
4749
2447
6752
3648
6971
1895
8126
2967
9806
3198
3389
8397
7144
2972
8983
2825
6586
3941
5654
419
6273
7625
5146
1052
4833
1047
227
3931
7080
314
9637
4655
7062
9241
6252
4448
8784
2899
5328
1176
8581
3057
5759
3861
5020
863
8318
3151
7000
6190
1102
8117
6261
4692
4612
2418
4059
1136
4695
6714
6202
8562
4408
1252
3684
8294
1935
3536
4179
2228
5243
4795
5943
1067
8452
6252
8308
619
277
5032
8174
3113
3606
383
1941
5097
8449
2514
1264
7265
2894
2387
2221
3713
8010
3794
5365
2155
1777
4420
406
2917
4230
123
8329
5866
8066
270
6262
144
8240
6736
417
2066
1469
1429
768
2587
5394
2460
7070
7753
2383
9556
866
6976
383
5412
3231
5603
2009
4205
9506
9680
1964
102
8507
3577
4573
5564
841
3862
5264
5894
1148
9909
4798
155
2453
9183
7333
9744
3911
538
1352
1419
332
2615
3903
3609
7574
8425
6437
1519
7848
1971
7642
8818
3315
9207
8687
5248
6025
422
6318
2749
8743
466
6897
7649
6220
7500
4006
2754
9090
1194
1259
4237
2994
9546
2129
4838
3694
8869
366
5491
7980
4655
7846
5773
442
9285
6194
6801
7353
1174
7124
7953
6265
8646
1216
1733
8934
2476
3301
8955
8703
331
1700
108
5110
8450
7325
5637
9810
8090
1578
6980
7035
2752
4616
2259
5904
4524
865
7117
9595
2522
6316
1951
5990
3331
1937
1578
7997
4126
6120
8328
2324
1190
9185
2132
9412
5455
6874
4253
220
6675
836
5810
6008
2961
3779
5627
2887
8371
5869
6352
4283
2565
6646
1878
157
2789
3797
7977
163
2420
2077
8143
9299
1021
1901
6935
3747
9950
5040
2651
1308
8605
1022
5132
7737
6019
2713
6925
5888
86
527
146
8127
4964
2910
8916
124
3763
629
9427
2913
7824
5642
5947
2155
7624
2908
852
183
6839
7140
3771
2447
4860
7614
6965
9665
5905
418
592
5906
8082
8416
4174
2034
6742
9158
1009
2509
4094
990
5942
9735
683
2169
5344
2633
2235
6994
5998
595
2289
2284
5802
5678
8279
5317
6331
1951
5196
763
2764
397
9174
1715
7573
1121
3614
6180
9662
4487
6684
4755
9564
7366
2870
5014
7381
8627
7617
4645
5946
2726
6404
9153
6258
9467
2638
926
1860
3800
4657
5971
2527
2181
2631
1659
7792
3712
3905
6376
7741
9567
2840
2137
3907
3961
1089
7874
9423
6299
7912
806
1330
1594
2562
3581
9407
6983
5475
4905
2039
8072
7267
6118
6276
4750
9250
3727
8104
9400
985
8361
9315
3901
8495
9401
3149
2882
3961
8405
4462
4031
1526
3859
7169
9182
1763
1634
9161
2804
1728
6886
1484
7674
217
624
8944
1423
4616
4231
9917
6097
8687
2604
4435
2505
5328
4516
2011
6396
9633
4041
1491
5678
5455
7611
9592
4155
640
410
6596
8925
7384
5535
6226
2903
8584
755
1574
3902
9886
90
9681
8351
1667
3317
4801
6816
6148
6845
9180
8971
6504
6644
1167
327
1821
250
5712
6272
696
5277
9030
7681
1023
9282
7305
8190
9252
8939
9498
3141
6716
6044
5145
8673
20
4718
7941
5469
5282
1468
9063
256
5972
3501
5993
3828
533
7759
442
5357
8903
8554
8279
4381
9359
6081
6
8904
2948
1034
4357
6960
723
6799
7431
6773
567
1279
7179
221
8592
7133
438
752
3084
6778
9371
617
8454
2755
9888
8200
9827
9428
5482
7997
270
6036
3402
8885
3211
5825
9992
3082
7076
5533
5657
6630
6014
6768
6485
7404
4977
7526
9239
2852
1223
8484
7213
6540
3357
2748
9846
6980
3390
1275
550
2131
9855
4768
692
2554
3019
6706
5092
5342
7147
3508
4841
4194
6503
7812
9898
2996
1405
1077
7447
3967
504
2661
2222
7957
2325
7928
9757
6506
4558
1695
3703
1879
8151
2929
3714
9853
5955
8501
5027
9619
2173
9056
3464
3367
9835
1024
3987
90
9348
9713
8776
2119
621
9061
3245
1776
5161
8421
2293
6083
8424
1124
8327
5628
8810
7187
4705
9391
9079
9986
3654
3324
7767
6534
8801
3435
7195
6946
4283
6451
3231
634
3529
597
2900
8873
9354
5752
8329
5596
545
6726
1561
5365
8505
1468
9342
4
7564
327
7077
3365
2304
5570
5718
4641
7931
3213
5890
1824
8017
7207
3677
973
7799
6291
5567
3458
7096
37
3506
3450
11
3912
7907
6435
2735
8299
4677
5479
6689
6428
9138
8648
3908
6216
7609
8619
7452
5304
6181
2545
8305
7045
736
9227
4883
5445
1309
361
6307
7693
9267
5759
4223
6933
4203
5424
4162
7896
1735
9034
2975
499
2735
1953
1553
3730
4727
4991
33
7691
7661
3417
3295
2272
324
9476
1699
899
4617
7480
4126
2993
2332
1569
785
4714
2122
9074
4649
8769
335
9865
8976
8952
6537
4758
5335
6244
7874
5880
4236
9910
1373
9542
1431
3349
2035
6199
7101
4904
9121
5211
7471
7577
163
4973
5429
7401
8060
7143
4114
1574
9438
9489
2941
3855
293
2154
6136
305
5
1845
7266
5665
6968
5813
7694
6822
7879
6354
7478
3962
3746
706
3328
2033
659
1799
2231
4693
1221
4183
4019
7501
6464
3052
8137
9444
2073
940
916
8280
3976
1862
6037
4960
5738
9287
9417
3414
5018
1106
5187
7306
9152
1562
5196
3852
9389
5349
9017
74
2262
6216
7287
5004
3180
9707
8133
1812
3985
3371
3122
8665
5546
6255
4841
5616
4311
3621
775
1782
7046
4673
4048
9799
2814
4669
906
1119
7172
752
998
4656
1116
5656
2313
1840
7746
1450
3633
5052
4211
4223
872
9567
6952
2692
4860
5606
8753
2957
2165
325
5984
7021
9775
7244
7853
3903
1830
2373
3158
9840
697
5655
631
643
7362
8680
895
6165
4553
413
896
848
9606
8992
4450
3797
9678
1163
5752
5158
2574
8076
2699
4198
3390
2632
1745
9821
3799
6630
174
7606
5420
4657
6736
3102
4482
8296
3280
3611
5089
8132
8
6518
4616
6985
2073
315
4458
107
33
8163
785
7158
8416
2224
996
2049
1367
9539
6700
8614
3533
1939
6605
779
5749
3489
4424
6558
8305
5661
2186
403
4297
1721
220
5810
1704
7580
4725
3149
1632
9423
5582
5987
7859
6273
9198
1970
8070
8326
7366
7894
5620
7690
9640
8376
9541
2607
7206
8960
7061
6582
1489
6802
7580
7090
4864
6046
8659
5417
9123
4673
2933
7507
3050
1516
8363
7325
1318
4773
3021
8271
526
8860
8132
8653
2355
2122
1272
9493
6700
3962
3073
3584
1381
792
5164
6918
2941
1215
786
1906
1671
9780
5082
1950
3249
911
2681
9800
4766
9531
4695
5871
7029
9202
146
2942
4387
2246
2434
5322
5976
1949
5731
9473
2696
7356
3355
8519
7291
4918
3747
6974
6645
2147
7196
4579
7270
9994
9727
4015
7005
3197
5750
9755
6437
2092
9414
2736
206
9613
4988
8256
4736
9146
9194
6403
8169
7551
6763
3091
3399
7101
3304
6771
3200
5958
5295
6068
7609
7532
4015
216
2058
8116
5442
6279
3734
433
1821
1298
7552
4761
7405
1861
9009
2075
6809
4977
7396
2187
8357
5412
6766
4396
9496
3004
2219
389
5466
9767
9394
3095
339
3985
944
9257
2991
6141
4840
8418
1462
2299
6131
1488
7039
9015
9444
1845
2964
2980
8217
8662
1659
68
719
7034
757
3745
2113
5308
3971
586
8005
4501
4103
4992
6877
8297
1286
3681
9736
6690
7822
5962
2556
4487
4014
396
9591
4996
8859
8989
8064
8655
3413
1035
7327
3968
4047
7865
4100
8836
4738
3155
1773
5988
2234
225
1778
5191
9753
1303
3808
224
7478
3715
8386
2515
1565
3540
8712
9658
5142
7932
4031
3231
1090
8481
333
8834
4919
8530
3083
5503
224
8666
572
6024
6002
3265
6249
8428
8188
9361
9681
9281
3356
3283
1815
6388
4720
9756
311
7537
3638
7112
9303
1039
8258
9726
8907
4207
7378
2829
4043
626
6197
9540
3272
2979
71
4887
9099
1696
4932
9388
991
4510
7842
8145
6067
5914
7504
4393
8334
9701
3201
5091
6485
689
6163
1056
9722
3460
2130
4571
4128
6893
7120
6971
2301
101
9961
88
8057
7521
3217
5687
4063
9978
4729
8012
2720
1890
2304
2978
9689
2756
4499
292
7035
1664
9360
9895
2224
9394
1324
5377
2280
3576
8988
7716
3859
7060
6525
6196
4933
7746
751
1353
1518
7325
3844
5545
2722
4598
5935
1168
5832
5983
6993
5214
4022
2559
9869
1341
2853
5502
8110
4085
3424
7710
9326
6243
8720
2062
9438
9307
820
2962
1307
1048
224
7524
4176
7077
3501
7311
74
8642
4237
1185
9805
7237
3442
5380
3937
8375
8244
349
3355
4397
8333
8678
7194
2344
5752
9049
6707
1240
507
6754
4198
2711
8623
3524
3149
1449
3932
2683
9369
755
9136
5252
2093
9156
1145
5926
3061
5774
4313
9638
7856
2283
4460
7950
7236
9565
187
2027
5441
2847
8217
7490
3753
8859
1032
1534
4439
9159
7979
4031
9885
5604
1413
1235
398
5724
4749
5393
1231
4158
3559
6964
2893
2248
8276
2178
1848
1664
449
8159
2444
9606
7255
3091
1324
2323
9620
509
475
7718
8232
5331
9330
7125
9326
5346
4791
6279
944
6240
5720
6095
3541
7690
2130
2899
9762
3392
1000
1399
6191
9510
482
4886
6876
2244
7609
565
4840
6334
7916
1927
5757
6489
8150
6174
5233
9440
1298
4364
5078
3063
6850
1927
2680
4957
9333
7782
6938
963
172
751
5430
2571
8421
8937
9160
7925
9643
4775
1577
7290
2044
2618
845
3191
7060
4114
4264
7373
2798
596
532
861
8661
607
589
4557
7086
4807
6583
4155
8454
5453
9196
3038
4427
1762
8006
350
8836
4045
9231
1704
7447
9060
7452
753
2292
4177
4180
7579
7765
3168
2210
4687
7469
4145
3674
4396
206
9798
5615
1025
9273
7752
7032
4790
9798
7347
9828
2206
3440
5850
4823
3623
1525
932
3633
3387
1442
7952
2153
777
2229
3995
2094
1387
3037
6458
3132
6333
1328
7390
2109
3791
2489
9971
2211
1360
9440
4640
1953
3446
258
3348
9132
831
1749
5398
7023
5841
3541
1311
3257
4675
9452
7347
5379
8398
5625
9526
8878
9343
3861
7834
2749
4992
4031
8956
8166
3243
1526
9841
5593
7985
2027
2451
171
7128
7166
8945
4752
7110
7516
4389
8311
5413
1142
5627
2120
2985
7228
6002
4100
6006
801
4384
6574
8171
7204
2453
9901
4684
4061
139
1914
582
6729
2520
7950
8798
9322
2163
1122
360
9286
9276
3699
7388
5376
8411
1214
409
3092
6154
3450
8640
6567
5603
7177
6718
2020
8510
7569
8914
411
6570
1316
839
806
8169
9984
3144
4398
6791
3916
2684
2105
3746
165
6414
4072
1448
5847
1860
9510
6126
2490
3373
7981
6358
4279
9708
4434
5799
1683
9294
8256
1896
9962
4391
7847
4214
7091
4352
631
9043
6320
2912
1440
319
1627
5536
5856
2110
7950
9311
2596
5834
3896
7918
1478
6702
5181
4154
9789
9845
884
6215
4080
7399
8123
5345
9799
1894
739
9939
6870
4277
2959
8238
6824
7870
7445
7988
5940
3040
9968
3965
4281
514
2509
6495
4108
5715
9763
9369
7211
9484
3535
9470
1505
2881
4288
8125
7668
9438
4383
5089
5161
6310
2960
1518
3250
716
2931
3554
4959
3113
8241
713
4196
35
4472
8147
9807
9873
9770
5785
692
3711
20
4160
723
4562
8347
9121
4591
9204
1304
2349
7934
3934
198
7229
7307
6327
3526
8776
9941
4740
2923
7277
5075
455
8945
1487
6861
5949
9754
6902
8445
9748
7801
7478
1699
3656
1203
4090
5688
6712
3411
9393
7851
8524
6346
5995
5753
8835
1127
983
3656
7328
1563
6313
557
6001
2973
6466
7364
1903
7192
4585
6279
2733
9205
9832
7038
8253
2713
624
1130
4975
6311
6279
1436
8828
2131
5743
9367
7984
8556
8105
102
548
2361
9445
3721
1524
3860
4746
3064
3519
7508
6632
7684
4254
6266
9919
8199
8459
3818
1459
3852
5846
1164
9174
8628
5189
2016
6715
5642
5080
9116
6077
8401
1094
999
6835
9192
6357
6503
455
6688
4736
4772
6105
8224
3212
4241
5795
8561
4514
4196
9692
5796
459
4257
1055
2157
6569
4123
2749
6337
6169
7452
3856
5081
1999
4194
9879
2303
604
9438
8999
5921
9035
3717
304
9900
4086
9625
2123
9533
3301
6882
2132
8197
8487
7688
522
1829
6832
7978
1377
8112
6280
6772
9886
3541
7276
7402
4794
5434
9335
6204
4172
9905
4081
3367
1106
6243
5461
7137
4865
1045
6509
7073
5407
7952
9957
1306
6006
8401
5161
1398
982
9870
794
9680
6089
2064
9256
3803
7452
1776
9173
6271
8040
4926
6874
4885
4767
7737
1475
2963
8278
4109
2000
9218
1869
8917
4687
2442
6358
9327
1079
9419
1152
8386
8478
4971
6928
8572
2404
9734
1186
3882
3083
8407
7104
9085
1491
3875
4987
9367
7382
9956
2507
1901
9733
2159
9345
5099
6150
7269
541
1817
3101
6775
8946
7421
5257
3139
1231
7087
3194
4732
2300
8251
8615
5878
7890
7593
5407
1921
4550
7994
3596
2255
6445
714
6436
8638
6472
6446
6364
8110
3955
2562
1621
8205
9356
21
5483
9385
4419
9895
1248
4693
1490
1593
3558
6549
4955
9808
627
6408
919
6999
9608
4066
3232
7498
4991
647
8945
772
7550
9245
3738
6765
5825
1623
8946
8776
1574
9598
8288
300
6580
7557
8919
37
6129
4023
8343
5881
1675
1180
7890
4919
6508
2122
9524
9538
9971
6938
6247
3013
3464
9756
3523
2893
5865
4978
3857
1965
4974
6248
8650
6637
5597
3285
7784
3437
850
4047
9900
7215
5449
400
8254
1877
3631
2271
8974
6913
2711
8602
1828
2564
4771
1661
7847
3361
6355
7680
8901
9220
7292
8315
8536
2708
3309
8155
769
3362
7089
9501
573
8141
9610
647
6098
6475
9477
3486
1001
5429
3942
9356
1899
2497
7828
5582
265
2034
1436
5214
118
7353
3345
9051
6093
9561
3132
1488
5882
1863
2928
645
813
5827
7677
9860
3712
6572
1792
6008
5319
6658
9076
2759
8792
3922
6994
2376
9721
544
2083
9461
1436
7830
1848
3009
4231
6065
4841
1733
1228
8126
3660
7270
7594
90
1343
3751
9050
6175
8816
6079
723
1936
6552
5404
7410
6107
6010
735
2529
8806
9934
2056
3335
7695
9164
9017
8126
9838
358
242
1484
9024
5911
8826
8899
5830
9809
1602
4622
8594
4862
2859
3577
7477
230
4321
1423
7466
5310
3614
6555
413
8058
2852
124
1911
946
9677
1105
6773
4581
2851
4173
5967
5821
9712
8694
9023
4605
1731
5234
7678
6337
4608
9330
5529
873
112
1985
8831
8062
174
6350
3379
6400
6596
3339
3090
4485
1430
3289
4383
4781
6447
383
6509
8901
1214
5819
8788
5952
4707
135
231
9489
1288
8868
4696
1639
7336
1562
3920
1370
9505
7495
3180
710
5998
8702
5526
554
4093
2719
1085
8505
2094
3720
1538
9898
7649
4378
4419
7206
4137
5449
518
8025
7104
2978
7130
3613
4111
1851
6910
7625
8560
97
5914
1757
7627
7780
6787
3515
3801
2037
2690
3492
7890
8247
8344
9843
6515
9919
3080
7180
4526
2795
1871
5818
4533
8535
7155
9957
5220
1731
1225
804
2515
8542
9401
4988
320
1512
8009
2316
4736
135
8007
7236
1094
4149
7089
5895
6066
3799
3787
4358
428
3895
9209
8490
960
7716
1403
8775
5336
1749
2873
3355
5295
8745
1267
4950
1237
3096
2743
5554
6231
7360
8996
4103
7836
9043
3326
7138
7686
8775
4612
5315
5491
5575
2715
6106
9291
5644
6708
8834
3299
143
9388
696
5460
4646
6823
7739
6466
4470
8722
771
1540
1419
8175
8704
3366
3133
8433
6980
4242
3052
2622
1460
1525
215
4408
7475
8324
900
4844
3102
230
3861
7462
7291
3498
1479
8354
9227
7302
2743
8506
8516
4929
3157
5409
7604
8821
1706
7946
4827
8846
5647
502
6630
9019
334
4666
5281
9528
5864
8133
6043
7207
9416
2060
9064
9255
9977
6834
609
9572
6504
1430
8749
3937
7151
24
1668
2642
6317
6266
1596
6615
205
1286
5350
1758
6086
500
352
2672
5489
1895
2042
1470
1904
8775
6396
3900
4281
7632
1194
5797
3555
615
6291
4599
8866
8200
3972
1361
8299
9534
1755
6950
9467
9934
7728
3986
3436
3632
4163
51
4846
1735
5050
5552
2568
1503
6812
8025
514
3527
588
3533
3524
9877
9599
8732
5095
8375
8067
7082
8337
2009
6209
1144
4296
2772
5770
4160
632
2230
8657
3928
475
9245
6743
2328
7399
6270
4613
2395
4353
4328
6443
7429
1477
7543
5095
9146
2079
2368
8902
3098
6412
7983
1507
1658
2027
291
3513
4459
8045
8092
9925
7711
8657
431
3049
7630
8618
6626
3451
3548
742
6009
3255
6284
9309
149
2033
670
4873
3426
4849
5847
2257
5590
4277
2911
8280
4127
2159
3846
6885
7924
7297
7377
7946
676
6976
7721
8758
2888
3836
3840
8367
3256
8120
1637
8487
6259
8447
1444
2523
9739
9338
7310
2870
1043
4927
4738
4370
4740
993
8036
6756
9850
1523
3968
5233
1366
2075
9251
3052
7738
9216
1721
3845
5853
9402
3349
8382
9828
7479
384
1715
4664
2858
7764
4333
9035
7011
7129
6245
5183
8170
5690
6215
2017
3381
202
6929
4916
4087
9406
60
8230
6708
4896
1037
7183
8293
5474
5356
7002
191
7443
6704
9868
4622
9611
1415
3346
7524
7601
7276
7788
4604
2211
5895
3734
4457
6708
6295
5818
6189
4272
5290
2673
2151
2591
1357
7998
9450
6724
8913
5350
6750
1425
4308
9982
4962
8609
8317
5463
4037
2697
1535
806
1522
8015
33
9359
588
9976
4654
3018
4572
5617
8914
9935
8978
262
731
5623
376
599
8330
5770
2510
8472
873
5109
5707
3702
2824
5627
3562
4424
860
9754
243
4739
2619
1490
6858
2703
7423
4306
9472
8243
2685
4404
1895
8577
660
4078
1672
904
9322
170
3552
3868
8804
192
7360
6833
6785
2649
5622
5431
5643
4103
791
9612
3924
6973
3567
9434
7480
6770
9638
910
5738
5421
4046
6590
7567
4447
857
2986
7139
1257
8361
4527
2441
6461
2525
1952
5455
7841
2325
8297
7514
359
3841
2713
2385
7325
4961
1418
4663
8533
5219
9320
3612
1053
1373
8093
1028
2780
2295
2589
5504
3139
1737
8857
2121
3228
9566
6583
4364
4029
778
6966
257
4324
9698
8337
7256
4456
1714
8536
2578
6370
2394
1715
2522
3316
7662
1409
3803
8016
2011
7438
3770
5467
5732
9247
5256
2084
4148
8567
7065
4875
3232
8078
4010
7791
5827
4741
2942
6933
7217
8850
9581
4034
2510
9338
7077
8640
3142
122
9762
3335
494
2447
1686
628
2643
3941
1776
32
5494
4516
2391
4272
8814
1253
4974
2176
3596
6047
2179
5271
5137
3900
5372
7710
6701
2593
2931
6918
6394
4947
3051
5454
3440
3227
7365
3315
2012
9070
6365
5253
2412
4064
9735
620
9808
9438
2058
8352
1283
5961
2702
8792
2616
7038
9898
1536
757
9115
3960
6850
2830
8377
938
5863
8920
6579
7922
7804
7563
5672
6467
6577
5972
6022
3368
6210
1375
6239
3705
2829
502
6577
7489
4928
1731
7491
5904
6672
1657
2648
8836
2434
3328
127
8746
777
1266
6828
4932
644
1643
2621
7435
880
3628
9177
3379
4715
7197
6142
4660
192
3254
6240
2799
5566
6319
1652
4137
4683
1451
5212
2861
9007
7470
2503
9059
9740
6288
5742
4798
1956
625
8154
8976
4978
4768
4342
6785
239
4696
4223
689
6296
104
2261
7862
2587
8968
9122
1700
4715
4253
1778
5610
2827
5161
5496
9736
2442
8858
4271
520
6071
7045
4072
5622
9904
3746
3195
3198
3720
2744
9424
7576
7669
7712
4639
6012
108
9264
9634
9946
1948
6422
9162
909
2023
5477
8909
1187
3975
6187
5112
4300
9701
7068
4845
5404
1775
5979
3044
713
5707
4976
7927
5778
9564
6871
2160
9803
3309
4654
6500
153
4629
7628
6504
9166
8072
8658
4781
9210
9293
1424
2898
4180
165
8809
4366
7
8357
5684
2706
7350
847
7157
1976
6345
9934
7431
3642
4755
8268
1759
2171
5802
4565
158
4242
8156
4616
2756
4643
955
4694
6313
8597
5757
2972
2407
5304
5856
5913
5369
8256
1617
5263
8810
1513
5846
728
743
6609
6102
6159
8699
8088
9558
5459
4325
2789
4965
900
4168
3217
376
9873
1150
4599
2645
4085
4205
857
565
1520
7722
3626
547
4453
2956
2589
7610
3290
7602
2070
2030
3575
2258
396
1943
4661
3180
8397
4478
8319
4974
2014
832
271
92
3644
4298
1971
2752
7275
2645
8342
1433
9473
9809
2591
6530
3646
1636
8941
5768
2375
7765
9043
9762
6209
6676
9637
7614
6437
103
1729
3047
4592
9553
1563
9778
2585
5214
3432
4409
9277
3197
1841
3319
139
1837
1179
7075
4256
3115
9848
6048
1054
2667
1023
1138
3605
7738
6248
6091
3827
9873
2322
5610
4970
8325
2683
3921
6361
4951
3168
1953
5390
8819
2429
3787
3724
7347
9587
4072
3365
354
3078
8315
9401
2052
3168
2243
3100
8997
7955
3516
5977
6541
9060
8051
6890
880
7292
4618
1681
5526
5959
3162
6346
3969
1100
2524
6625
393
3603
6676
9816
6681
1669
6952
2992
5908
3323
1299
4140
7946
4116
9655
8131
6871
2744
3421
5807
9205
1974
148
1245
7243
7540
2998
2834
4194
4092
2458
4038
6938
3126
9219
2487
7804
9611
2482
9267
3724
3409
9457
8919
5114
262
7022
2247
6331
780
4359
2035
2611
6721
6859
7955
2363
9538
1940
3518
2438
7617
2975
9553
2707
613
2777
3501
8770
5826
1160
4313
5122
9537
9697
9135
5947
8261
3106
8799
8325
8488
8579
5680
6019
5676
9956
4124
9151
3780
3760
8547
8253
7329
1249
7354
7467
3097
8711
3878
1060
3954
3113
2551
7819
7813
1398
6615
2393
7826
6628
2473
5029
8687
1179
8374
9889
6621
503
1787
2195
1801
3865
8626
8344
6941
1089
4253
8178
3977
4122
6100
2800
98
5856
196
1805
6447
5418
9199
2820
1258
2685
1784
8788
2681
6520
6216
725
3335
5093
8182
77
2329
6579
5319
524
6808
5479
4354
7546
900
3041
1824
806
6546
7757
241
6983
5360
9805
4199
857
6812
9276
2107
7776
7450
1577
9814
4157
9702
5604
6130
7660
1358
446
9424
5708
1363
8357
6697
1963
1821
756
625
6697
823
44
6718
5044
7750
4866
7567
858
3122
452
1059
5138
2946
3893
8531
7064
8612
624
8626
9447
4873
7004
9646
6633
5971
996
3161
8597
6607
5378
9326
3460
250
2911
2064
9314
4380
8425
4073
5601
2672
2910
5830
2796
866
4281
7084
7708
9653
2224
801
695
4178
3616
2517
6799
8460
9539
4479
4183
6307
6112
3445
7815
3171
521
2364
533
8274
4367
64
8956
8473
3487
4768
1525
2249
5659
3539
5977
8529
4213
3799
7736
5305
9651
2001
4266
7406
2493
8479
6676
6596
4156
2970
4742
1435
3719
3915
9813
7848
8583
2075
5476
524
7921
7005
9219
5633
1925
5998
7097
8787
4612
9986
9002
7774
5469
5973
7153
7781
6773
5741
4406
3716
2079
6125
9452
8557
9639
9920
8785
5124
2560
1760
2010
4696
2816
3616
1063
2578
3319
3
9904
3569
3245
6091
1128
4251
2898
1351
716
8822
4859
6484
8578
7186
8473
1376
9107
1223
451
6589
2250
5433
2950
862
1965
2634
1577
5916
7674
4221
3918
907
7487
4788
7169
5564
3660
9428
7909
8135
8386
6481
9907
3588
9369
6474
3135
3772
9550
278
5165
5040
7014
5830
1464
7121
463
2255
6213
5192
7435
2969
6391
8864
7468
191
4374
8155
7625
4279
9155
4383
1443
2679
642
9185
6795
4262
9644
6142
3983
1718
392
698
2403
1446
53
601
6930
4817
7967
1555
4119
6223
4203
8551
809
3866
5890
1655
7752
9313
7708
8034
7571
4808
8935
8024
39
6310
1366
2877
9555
622
7946
8948
4287
4640
2459
8404
7754
5439
9755
3685
8331
646
8699
9238
5344
6874
2083
7685
4159
4701
4650
3589
3422
5713
4269
7492
2858
5262
974
9640
4471
5984
7297
2659
4736
7821
8349
7873
7422
7088
1848
4368
9998
852
7359
681
2197
510
7697
3457
7250
1645
5336
1252
8863
5279
1451
5742
6181
2788
3253
1534
9081
7481
7737
5319
3910
2578
962
5932
8830
7736
2620
2494
6672
967
7242
6108
2328
5947
2118
195
7940
5697
6546
9953
538
370
2038
5896
5997
5559
2104
9749
3120
5342
7246
7948
4014
7444
1691
8856
1863
125
8056
3419
1221
5131
7507
270
8751
1241
158
965
4717
5065
4374
5973
313
500
5310
1948
8130
6137
3778
373
7914
9526
5558
1007
7166
326
7365
7694
3327
9307
3161
7576
4246
9864
6263
1925
2185
9268
1970
480
104
8707
4164
6170
5775
402
9876
2904
3002
4051
9518
6082
2389
1529
7283
4493
4848
2975
8264
1203
3486
773
4754
290
2403
3093
6177
1169
2807
9897
1957
3357
3471
7247
9380
9109
3891
1356
4424
4356
3852
8061
6862
8440
3225
2261
5938
3699
5228
219
1286
7553
7128
9926
2946
6095
6874
5795
6275
2558
1045
5120
7519
2168
5469
3919
5835
9829
9109
7971
6490
3775
3198
1389
9963
2154
2276
9093
3665
8722
8078
5723
9987
8120
3378
5857
388
4215
4357
9713
8776
6562
1261
6406
9111
5708
6828
5232
7402
3860
4613
5563
9752
8420
8866
8504
7027
4828
1683
7270
4430
3799
8184
8778
1345
9372
434
4148
639
8409
7145
2394
667
4782
3507
2778
2931
8287
9275
3728
6827
3900
5436
8450
4064
9745
9624
4071
6590
2113
6008
6306
9530
4750
6921
6846
9942
5764
7907
7362
5351
1305
9394
1310
9573
484
463
4763
6401
6288
2251
6762
1814
1530
7288
7353
2424
4576
9074
4373
1544
2589
3050
8386
7441
2492
4509
6307
1606
3993
6187
4145
777
3622
9501
2400
7223
4379
9645
14
9376
7923
2260
1864
5832
7194
715
6001
9848
8147
116
9111
4831
940
6040
9960
8961
8640
8262
7068
1278
2208
2225
2892
215
7700
6304
7870
56
5746
8127
3105
3963
2477
5062
4069
7431
8695
9198
501
234
789
3176
7798
779
3515
3627
5823
9274
4821
6743
4671
1724
6938
6671
7938
6769
912
8035
4106
3445
703
1601
3310
2110
6383
4867
7805
126
9104
2300
8976
9903
4929
6521
905
865
1208
559
1801
5188
2479
2356
4939
7195
834
8073
9050
6173
6232
7815
4108
4104
4925
9687
7034
8615
4479
1510
5357
5485
9658
1461
5367
4713
4767
8938
4568
1315
1500
4078
3342
2872
7906
5706
8462
194
8323
33
3595
5225
9539
8290
8942
8381
6238
5999
3456
9722
6578
7811
2468
7324
460
4483
6940
3413
6703
3939
6663
1342
3175
7171
5011
7238
2791
2349
7559
3937
1518
250
9466
3819
8014
6892
7343
1036
87
6082
1504
2370
991
3380
7644
6059
65
829
9693
1573
5407
5260
9503
669
807
275
9560
6190
3196
6908
1864
938
3414
4730
6932
6610
7511
8877
9288
6778
6490
1853
2479
21
8124
9593
8525
9358
4830
311
2680
4565
5701
8729
9569
6320
2072
563
3301
2669
1518
8219
8848
4337
7611
7767
578
7789
756
6722
1965
1319
6968
6309
7424
3591
6898
7446
8070
8275
840
6091
9563
6119
8694
2820
8874
4668
783
3462
4400
14
7730
3136
544
4378
6822
7726
7936
1811
8935
2714
5950
9402
2641
1716
6050
1599
7754
9311
1979
1379
3271
262
1203
4201
4044
3724
5727
3713
5632
5872
6916
6987
9541
2256
1122
7988
7608
204
7949
6699
1900
1646
756
7158
8346
997
2956
9946
5229
371
79
3980
5461
2803
4559
5485
7380
9815
39
7304
5582
6738
6147
1221
7566
2475
2084
1848
8869
9247
7997
9031
1342
8345
3368
7940
9834
3993
8097
767
2216
2794
4212
576
3065
9974
3376
8587
3248
4952
1285
4827
6396
713
4995
4980
6444
8999
427
5874
9991
6960
7385
8219
8701
4899
7121
5340
4601
7825
3930
6632
5591
7034
9316
4340
718
5817
464
9701
1183
7071
8057
4573
8093
952
7458
9192
1876
7660
6051
4228
2958
4504
8742
428
3427
5055
1314
7344
9934
2347
9626
6001
460
7380
2153
7669
7658
1672
6486
6821
6423
9845
3607
4755
1409
7410
3258
3811
4318
7833
3083
7985
2501
6525
8640
3794
37
7345
4222
8784
9491
4058
3246
5919
3062
3396
1960
2931
1678
2154
5062
2019
7169
628
9033
272
22
8318
3298
9354
9973
8405
8065
6021
417
3493
9465
9505
1314
8475
8276
9119
2412
9595
4762
410
5069
4748
6856
4595
1981
5649
1375
1861
4412
5709
2203
7957
3229
2683
8314
841
7372
312
3162
2848
4193
2190
3230
9868
6045
4314
3207
1560
9593
7201
4431
4784
6289
9169
7458
141
7001
5782
8206
8481
7605
9678
4731
481
8716
1249
4643
8486
294
2330
2613
979
9613
8431
6386
6232
5845
9147
13
9636
5016
8150
8133
118
8800
890
7813
2202
3957
7472
3711
4370
1421
9985
3167
9846
1623
3443
6088
7789
1473
1292
2997
6770
8756
675
6933
813
2776
4452
8634
6123
9561
8437
5185
9750
5077
1415
8713
2831
2425
4627
8241
5169
3172
1752
918
9990
9163
7479
3467
7643
5934
1797
1472
8091
7864
4979
2986
7158
7383
9470
1273
6414
597
4179
4576
466
965
9404
2705
7272
7788
7274
2182
6028
1819
7095
1162
7844
4701
9164
7912
2928
2029
9663
6241
363
5466
109
399
8398
6413
3484
9696
1817
1341
7810
118
8365
628
3849
1235
8653
5426
7732
7610
6328
2134
9932
5856
6543
8184
745
5775
1205
9357
6730
4202
8857
6293
9645
994
9304
6620
8747
179
8112
8606
7156
1553
6542
4254
6892
7836
66
6103
9451
4188
8442
3386
5081
285
3262
9892
5177
5606
4109
1238
3753
9078
5946
773
2393
7100
2795
9892
7679
9765
6046
3049
6444
3053
5889
7934
4178
1065
4186
1174
6121
3610
1314
4135
8748
6075
4380
3197
4133
970
4531
3510
8864
6714
1236
6624
1299
4353
3358
733
6486
317
4
7133
327
1167
5878
2166
5953
6175
7061
401
939
7292
3992
2375
8791
1638
5554
7495
2534
6934
5677
9710
3953
9565
3187
6966
2121
6076
6271
3572
2886
6863
8851
7141
554
3407
1807
67
2994
8437
2958
2091
875
8048
5640
5269
9800
599
6368
8524
713
3556
3252
6990
7598
4592
9778
5796
3976
1011
7724
5941
9519
7379
7309
8937
1503
289
2820
7130
3273
2376
2361
4098
1823
2650
7693
4152
4162
1586
5085
1661
5552
1230
2852
9046
1951
7665
8389
4437
6657
4395
5427
4027
4390
2970
1527
2754
6662
3990
6575
5192
2154
4572
6618
3907
353
8235
5352
7625
1605
27
3851
7338
7670
1945
3717
8080
4586
4181
2128
4920
8531
3650
5394
1414
6028
5627
9031
8316
4746
317
20
5506
6595
4031
471
7255
8105
5465
7425
7679
5516
4103
4903
1184
784
2007
4951
8886
8334
5939
7865
7522
1129
3126
5838
2027
935
353
9049
139
1810
9242
6933
818
7756
1100
5105
7080
145
4747
4444
3471
2137
8879
2157
2361
5964
3526
9182
3137
574
9909
2588
1652
2186
5220
3655
4667
5100
1017
6828
7866
7105
721
5738
8845
4543
811
6504
9344
2521
2197
1007
2937
4666
4588
8642
4263
4132
7498
5076
9212
7396
9257
5668
1382
4998
6597
8061
5362
1055
7733
5303
7338
9039
6535
7418
4551
3077
6309
9919
1549
4628
4020
8211
45
2302
4141
9773
5335
4931
9977
4302
632
1034
4513
4530
7879
2360
4227
573
5054
7360
4723
1327
4470
4981
2537
3808
4464
6966
8285
4514
2812
6121
9814
867
7866
2249
1458
9247
9783
138
5912
2387
9813
6843
6975
2738
9992
5729
1527
4838
2013
367
9010
7639
279
6061
1609
4566
2473
5145
2798
2403
1017
4614
1376
2296
6532
9067
1612
5171
4220
13
9674
2955
5106
1602
6800
3545
1887
3677
8150
2505
6992
7777
1772
4299
4950
8077
582
6979
8946
5923
377
7146
1785
9444
6465
4030
3120
4830
6013
1815
2714
4135
1842
8320
7292
570
1661
8998
3799
5386
5476
8940
1230
1559
2992
1632
3099
6428
33
1429
2704
5789
4165
4871
8497
1485
3708
4522
980
5045
3621
7821
3851
4726
8698
3973
4763
314
4999
8274
3771
1485
352
2328
5014
2265
8317
5340
9384
5509
1922
2571
6044
5677
8201
3093
7365
3611
7890
185
5253
2220
3727
8698
4502
5300
1843
4832
6330
8141
591
2336
8613
7237
413
2250
3437
704
8491
4938
6130
6696
3677
7449
1655
6189
2398
5061
2019
5433
5861
3229
4171
5113
756
4752
981
5235
6603
5916
3629
8230
374
6709
479
1285
876
9717
5008
5325
546
8920
875
6960
8044
516
2864
401
6044
1876
7
8946
5120
3174
692
4567
4148
5708
2216
513
3059
1327
3223
2441
6665
5202
8101
8272
1022
6110
8389
6445
5400
8436
3401
9490
4403
4020
6750
8973
1763
2699
4394
4081
9449
975
3495
3078
2895
3009
6990
5675
4193
9369
248
2026
2757
7257
599
6150
5434
881
1656
1393
8191
2955
1321
677
6701
2611
7916
5908
4377
9610
3164
2234
1521
3504
4296
8282
7296
1057
5263
6220
5681
5238
1615
7660
8029
9418
1686
7674
4237
4318
8675
1056
1146
4663
7583
9575
6134
4719
1801
1559
6612
390
2901
5129
9192
9971
5035
1506
8403
5543
6714
1388
1014
5286
7506
8109
2172
8277
765
7661
2640
487
6163
951
8459
2601
7576
6677
7020
6629
9129
9085
6531
8704
3590
1064
6305
4155
3496
1619
4812
7624
5784
3247
4516
4742
7084
1289
255
37
3015
2449
8799
2424
9569
4680
9
7521
1700
4698
5619
9620
6149
1387
4762
3048
9705
5754
9233
1299
403
6073
1964
1288
7875
4963
551
293
370
8528
1642
3906
3915
6909
5842
7743
3900
4943
5591
5397
879
3605
5650
619
3515
1669
5444
3935
7960
6003
9177
4105
5767
4241
1786
5840
3236
8293
721
5282
59
7003
8649
6443
8003
8066
9450
8930
202
601
7922
4147
7756
3346
9645
8886
8613
5862
3204
1116
7158
368
3723
8907
4758
9560
6469
8860
5080
7839
9341
4727
6375
2587
8149
4278
3956
4160
4415
7388
9812
9831
7020
5166
3280
3482
7221
4846
1037
197
3170
6988
7698
6692
489
2207
1697
7347
2427
2938
5429
5658
9962
5476
7943
5282
2033
8371
7692
9116
9217
5825
7969
4458
8063
3388
6577
3580
9325
1115
2780
8646
1171
7832
6012
1182
1892
4089
9735
6682
7808
183
9533
5791
7833
202
1123
6486
8394
917
1410
3150
1182
3468
1702
7422
9549
6152
7446
8470
1546
3269
1083
7915
9877
4201
9860
1859
8490
536
1290
416
1604
2627
3934
1257
9502
6311
2435
2975
769
153
9973
8831
5340
3104
5480
7480
59
1488
4925
3290
3694
897
7809
5121
6920
808
9398
3193
2759
8420
8065
3898
551
1711
6035
7541
8533
1936
2577
8332
7932
7933
7710
4844
90
6203
8402
8832
1801
6297
405
3928
3394
6787
5157
1509
2177
609
4287
5295
8413
5268
419
2924
4787
4593
6913
2311
3653
100
1772
6147
9902
6868
9722
3821
241
7647
1333
3412
5110
7914
1358
7217
9484
8088
5839
6792
4230
8776
8968
4200
2495
5053
3660
4381
4333
9455
4656
5673
7079
6163
2411
9156
431
4617
4243
7453
848
7564
4424
5952
7559
2319
6902
2908
9791
8592
3274
3557
3318
3459
6859
4641
7028
6688
1994
907
143
7445
1821
6164
5961
4689
7539
6140
2785
9340
2871
7297
7675
3363
8673
3485
8486
450
6478
3942
1122
5766
9820
3203
5044
3731
5231
7249
3386
7240
4501
960
8712
2633
1086
1568
8392
9036
2661
3250
3911
14
9419
8469
1336
9773
5637
6899
1021
5424
6118
9003
2238
5963
8248
2308
1393
4606
6870
43
5826
2089
24
1561
2862
4845
9136
4415
3080
9140
4192
1571
5188
2185
7100
4179
8768
5571
2732
6153
8473
8890
9836
6008
1746
2655
9300
9846
2372
3849
6945
2226
4357
8768
9957
7222
1386
7531
9901
5967
8919
324
3503
9410
2343
7900
7802
2528
8415
519
5017
3623
1042
9623
1705
6332
9195
9
6444
984
1959
3705
1690
4444
5057
5182
4560
2376
4759
6150
8653
5671
6832
2248
4021
844
2907
2485
9924
6164
5497
6093
9181
6483
5634
2697
2658
7605
5738
1241
4935
7519
8872
4967
3907
2315
6834
7398
1583
9251
9541
2613
846
8601
6335
6422
2739
6739
1183
5053
9784
6719
1828
5542
2246
413
7462
9780
3085
565
5242
3216
2360
9941
1750
1586
6709
7797
2091
8678
7003
2725
7467
6786
8577
792
9746
1237
7650
4060
9111
8130
3764
4713
3895
5414
6553
4715
5477
3699
3222
9756
7349
7143
3364
4259
3690
1450
4771
3266
4767
9593
7276
9832
6031
8811
8553
1481
8181
339
8630
5434
8771
9809
4809
8661
1774
3429
8520
8629
4670
5366
8293
7265
9844
7701
1965
6610
1314
3556
2354
4305
1137
1758
5526
4926
1657
7258
3556
2338
5429
1627
9523
4323
7988
6426
7786
4319
9705
1393
8496
9642
5557
6937
4306
4027
2901
5990
1221
4292
9329
6810
3905
1816
3597
5727
1610
131
5829
4085
4090
318
6878
4654
8965
2668
539
201
8946
2053
5227
9503
8350
5096
3623
8161
576
9084
9635
6453
3872
774
6356
2311
1316
7166
2409
776
6151
5710
5012
4686
396
4712
3049
1604
9908
8634
7140
9861
8346
6451
2989
6299
8192
7564
3689
2250
5179
7432
9762
1256
4048
835
7081
3187
9690
6730
4063
8842
6782
3845
1321
5125
8831
4113
3628
3201
2782
1538
940
7217
6785
6414
5839
3559
8529
2213
2452
3092
2241
6175
8402
2540
4739
9746
2297
6895
1386
5650
6942
9001
7357
8775
2336
9380
6463
974
3789
4453
7098
8608
675
7116
7516
7008
9144
759
308
2085
2863
3972
3619
6772
5408
3957
619
7677
2220
380
6741
3301
2330
980
7588
7327
7194
7800
1604
7877
2309
6524
6967
261
6882
3904
4885
7679
5145
8266
602
7881
3826
3156
5711
2357
500
6506
1806
7449
4035
2027
6891
3356
2800
8849
1312
2630
9006
604
6856
3425
916
6865
7545
8826
1708
3545
7943
6444
9075
3862
6962
8871
2336
8481
5654
8430
2554
6558
1799
7656
9360
7385
1373
9327
4922
9859
1370
1630
4734
9530
8034
2266
3426
1521
4660
4013
1828
7922
853
8215
2450
246
738
2411
3562
4430
1004
4178
7750
952
8477
6970
9021
1803
6444
3158
719
8681
6066
2115
4716
6939
7152
1923
1511
4999
4080
8002
9119
3010
8095
5597
2847
4043
3069
5740
9398
1687
1897
5979
1359
3757
828
7401
8079
4805
9974
4816
7726
3040
8987
5815
9990
4176
1621
4091
1410
120
9746
1305
685
5304
1934
7462
7996
4568
7982
7027
1069
166
4094
7014
659
1638
412
491
276
7301
8453
490
9246
8713
328
7882
1277
5600
2305
7619
9419
7241
869
6607
3540
1980
5684
4742
6592
2388
4964
2807
9002
7915
1692
1617
9882
188
8850
7295
986
444
2431
6976
1718
1399
5092
4384
4840
6221
7045
9614
2311
2332
6925
8983
7433
8127
8538
1080
1913
5501
5072
2840
6004
557
3680
1191
2711
7785
4741
2503
876
5127
6243
5319
9768
6566
1972
7769
789
9759
3380
7115
4158
955
6644
733
6787
5748
4993
8474
6515
1144
1869
7062
629
2802
400
2372
5609
4841
8181
2466
7146
7192
9478
8115
185
3493
4015
6475
9321
2436
9965
7842
3526
3740
5454
4442
4466
3462
8618
7830
8655
8752
7529
9575
766
1246
1850
5581
9024
7746
1835
5802
1533
8748
456
3362
9572
5373
2363
1275
9451
2938
1537
1583
8913
1385
5375
812
5070
3153
8221
3884
440
6451
8849
681
6047
2610
8814
2432
9816
9550
9017
6670
2469
5685
3554
9148
956
8171
1245
3025
7074
3569
5865
6645
8569
3148
2479
3671
9908
254
7592
3760
5719
9462
8786
4970
5781
767
1317
3155
8514
3798
9321
4396
8204
3916
6164
8133
3200
5675
3794
2400
5717
9683
2816
6392
6909
6766
4017
3386
4001
1518
6360
7929
1154
9740
5599
3381
7434
9420
685
4387
2902
4258
6091
4567
3641
6317
9885
7601
2403
8140
9583
4153
3229
3423
2194
6578
9369
3857
7457
8668
5809
6544
5704
4904
1360
5119
9036
9770
3141
5805
1848
3756
829
8311
5528
6344
8236
9590
1459
4060
4231
2320
8059
6831
8737
3924
1002
6080
7419
1907
9106
8347
5971
6297
9993
9120
8199
2838
2849
6677
9141
6634
8572
7138
1559
7936
5725
7972
3868
2606
4279
2624
5124
8721
9497
2388
6191
2106
6856
6431
4816
9063
3479
9278
3880
9918
9272
1808
5173
5744
4530
2485
8981
6853
3532
6067
6807
6397
6882
7802
1561
8127
2532
5315
3143
1215
6338
145
3078
1576
1036
6549
3155
2837
8346
1040
8543
7747
3148
3778
4237
8408
3978
4410
6335
7451
4649
894
3693
1023
404
62
5947
9506
2404
4387
4186
3403
318
3791
147
2228
5020
5629
3456
9
6237
1277
5571
1102
8617
1054
4161
3630
9497
5339
6863
7730
1166
1755
7043
3103
4967
511
9545
3486
2089
5621
3033
3383
4032
7181
1741
5834
9251
1094
6686
720
5941
1569
3077
3783
8492
3625
3077
2837
152
6409
4967
2342
7130
8510
2344
5256
6258
1059
5739
7364
2132
1232
9617
4686
5693
4210
606
6521
4671
5136
3314
4332
9689
7726
5848
3530
9216
7388
1265
7750
6400
5599
4600
9060
11
9101
834
158
9381
8039
3675
9585
4201
9387
554
2554
858
3771
4451
8647
9080
2003
4394
4480
5151
6786
3048
9752
6342
1204
6978
2708
7713
2749
7135
4966
636
8896
7137
7763
2518
6708
164
509
4074
7939
2565
1165
2266
8136
357
4670
6028
9345
7832
7382
7296
6133
2780
2872
8092
6579
9317
7986
7251
7688
5667
292
7162
5780
8769
3539
9912
3228
498
3377
330
5540
2481
7639
4278
5550
1505
9202
2364
9910
4431
5131
608
6871
1261
5760
2236
4972
1270
9962
4335
8371
3880
2486
9641
636
1601
7548
8617
1283
5402
6030
6683
580
2224
5633
3305
1055
9833
3382
7925
7796
2082
7575
114
7987
3060
3521
3424
1440
4085
1718
8878
2297
2889
9693
9605
5026
9296
1220
1725
4387
8143
7491
248
8998
4407
4109
2720
2117
7292
5554
3149
9528
2351
4638
8345
4284
8889
9697
8421
3046
1843
7438
6053
1426
6310
1671
5508
221
9264
5713
6257
256
7899
2724
9519
1877
831
5073
8603
5321
433
6305
4123
1962
4975
9647
2849
8934
7309
1850
4918
3696
7476
3117
740
4609
4305
9295
4032
269
8967
1353
3750
2936
6689
5365
74
8153
6364
1422
244
367
5989
2145
1364
5038
8488
4169
7910
4171
7954
2764
3194
1221
4770
1680
6798
7091
3301
9982
2041
9526
1056
2051
6298
5586
5364
2981
3949
7075
9081
2194
8203
6910
4975
8704
5184
2955
3425
8708
9616
357
9901
1449
1703
5316
8715
8245
1194
3054
7296
9465
414
4515
4721
4517
8557
3183
1773
8985
3313
313
6347
3574
2715
681
2765
6245
3871
1137
823
6290
7176
6552
1881
3052
9222
2805
6554
1908
8054
2253
3810
2524
3618
3545
5583
5447
6298
922
3782
3310
4348
3428
9477
2701
5575
4115
2372
9417
1133
707
9071
1502
4989
1280
9880
129
9862
1441
4254
1037
34
4180
6960
5634
9673
2653
909
3912
2803
2338
1543
825
297
9688
346
4777
8948
3170
5616
4859
8139
7273
9300
3561
1596
5543
7025
4761
6625
7352
6523
7305
3936
2715
7390
7717
5461
5177
9844
6650
8889
2620
3757
831
7158
9077
8802
9783
582
32
9622
1325
3252
7741
6512
3788
2393
272
584
680
3987
1441
5296
2918
9325
1960
5198
4607
7200
2350
5046
7976
6997
6110
3746
9067
9702
5570
6372
7985
7741
2309
9301
1501
2163
620
3156
1315
9816
4588
4234
8720
2441
570
3985
880
3523
2898
3058
740
9496
3072
7360
7316
1143
1798
9733
8874
6859
5969
6249
3456
5425
4495
1953
7726
4173
7322
9023
9652
4208
3045
2718
1667
5316
5444
8211
8981
9089
4964
8024
8031
1377
9097
8508
1238
605
6755
2806
8986
6709
6383
318
6427
4143
4979
7474
8375
6423
4549
4470
2698
5899
7442
7780
1689
9777
2136
4050
4917
6537
3405
3399
728
5731
6397
3499
5359
6483
4379
6943
2272
9082
6297
114
3709
4028
8091
8255
5599
4873
6328
3773
5688
3465
3876
5590
1438
3971
2372
894
232
2247
3647
314
2868
8545
1620
7923
937
1133
3018
214
9782
297
3214
6965
4117
383
376
2945
3193
5105
9939
9686
5816
9693
5148
7124
3218
6158
66
9492
3593
9207
9456
3878
5713
1595
2427
8595
3107
6685
7342
1883
4254
6460
6727
177
6702
1587
8735
3551
3938
8479
2530
7765
5093
7036
3217
9819
8603
7552
9945
6133
6688
8508
1449
8283
8811
3177
3074
3563
7480
5939
8972
9039
8552
6080
8160
1308
4205
2149
6870
5963
2535
800
2839
664
6438
1812
164
2680
861
1030
6631
4562
9877
1748
2887
9295
8943
9024
7208
9649
3108
8284
9534
119
8094
3643
8855
3334
5137
4078
4581
2432
3205
3948
9424
3331
3192
4834
2252
1611
9254
3863
8489
1277
6976
7450
2559
8474
7257
2767
1802
4243
8020
1144
4123
6016
6307
4795
3009
7983
7313
9555
2043
1861
3658
5142
1666
4459
830
4251
6423
1048
9922
1277
4368
8942
6381
1486
4087
6385
3920
3017
8751
9448
6223
3467
4166
9702
2243
3571
5410
8102
2500
9147
1582
4308
1132
5340
1252
6670
672
9307
3212
3078
5157
5628
7207
5753
7546
4321
1029
9570
3770
1989
9822
997
9487
2156
3898
6756
1214
2636
5282
7978
2047
8197
540
7437
8278
4644
2783
8427
8054
7745
7051
5139
9678
6453
8042
474
892
4166
505
3989
8198
8387
8523
5981
9845
4974
2384
7219
1340
4951
1605
5494
6568
6759
7034
1323
7654
8722
8508
8992
2601
8904
6515
9091
7773
6002
9870
2442
7136
3995
2078
6752
7790
8960
8465
9548
148
6328
7252
7523
5134
4505
9198
4005
1170
2548
1940
1303
1357
1746
6756
8893
3095
9038
8844
9723
6346
127
1221
8290
3251
9642
175
4618
6781
2127
4322
7810
8202
8344
6448
5894
8603
4288
9783
3426
4542
8275
8149
8048
1500
9269
3830
9728
2164
8974
5589
5358
6014
5687
358
3921
1780
3652
1718
9343
4346
6856
1474
425
9127
8518
209
7778
8014
352
5646
4141
4418
1937
1493
847
9125
6969
4586
3259
9744
9290
2356
9708
3706
3822
2487
9450
3265
7209
7644
3947
8685
8065
3839
1480
7318
8034
9535
3007
9692
1995
7981
3476
5909
467
8021
6824
6088
2607
2551
5852
9701
4330
855
9498
2860
4457
2554
186
2993
239
6521
3628
3735
3439
737
7383
161
1624
9064
4296
6794
8543
347
1908
1191
3387
6751
772
8321
8204
8970
5347
6531
1766
3272
1952
3259
7967
681
3656
6872
6233
8517
5300
1789
9375
9153
230
8974
9929
1315
5416
9050
4882
6121
3937
2991
4236
2569
3582
7026
8107
3071
2816
6607
7122
4195
6889
7009
3963
9966
767
8791
6969
4235
9618
9633
9227
9621
3828
7604
8042
9141
3339
9696
9827
972
7268
3951
8845
7263
9342
7274
6023
3946
2950
1601
5289
8063
7610
8791
7408
2819
564
9243
7884
7216
8693
4449
1964
9291
5568
992
6437
7521
9519
5537
1362
663
5508
3492
564
7757
8382
3593
9393
782
4579
8497
8977
8253
5245
8339
5812
30
3123
7035
1368
2678
3554
5982
6577
9335
4907
7147
8879
2239
5322
3071
7758
7641
3422
5340
9174
4234
5223
1172
3169
9370
8801
5342
432
9675
1585
5022
1102
172
9334
3088
9129
4462
5009
1879
7494
1461
8448
4197
6161
6393
5296
5964
5610
1691
8161
9845
3031
8738
2081
9359
1743
3477
9835
1137
5253
7783
7339
1456
3557
3030
7820
9301
9296
5411
4060
3548
8339
5770
3407
9635
2139
4661
3822
7478
8800
7484
3853
705
8534
5145
6776
7002
2806
2401
4195
8572
9178
4523
5690
6944
4201
4817
913
4830
7963
4175
5364
5058
5913
17
6862
9979
1868
2911
7906
8482
1482
7148
2168
2780
1703
3557
7966
9852
7321
371
152
3960
8254
47
1520
6194
3613
2425
1991
9344
8272
1658
1391
6855
2162
7257
5741
3964
4945
424
572
9999
9192
8512
8423
1165
5661
4467
9978
6823
9394
4459
2017
755
9145
8913
6879
608
7508
8187
9249
2947
163
4918
7492
5862
9926
9220
6801
76
4207
8823
1915
1403
1381
5921
6447
8769
3800
909
6258
9215
2760
9525
6060
2369
5800
2831
3809
9056
3161
7459
5188
5602
9793
8972
7583
9244
5517
8623
894
504
2944
7809
6507
7691
7889
733
6929
41
4992
642
7094
1589
6045
4448
5998
3250
8402
3692
7954
7151
3602
1764
154
855
7949
2827
5284
8431
7966
1439
2379
1856
5782
6906
7901
2378
8659
4571
728
5565
9074
5265
5317
897
503
8708
8497
1264
1466
4047
7506
7899
1453
2040
573
4173
3863
9851
7500
1072
5316
1145
3980
6790
4923
4175
1980
4094
7030
4274
8501
9541
8180
7062
5221
5904
3370
5206
6787
9902
3848
4285
3012
8899
7535
4163
9998
3220
3115
1660
453
1950
6270
2745
9893
2880
602
1803
8214
4995
7980
6757
7280
3263
9345
1816
2264
1251
6022
8038
9782
3352
570
9952
3996
2712
5257
7978
7533
1580
5197
7206
7459
5959
4868
4152
7635
3082
1522
6361
4340
8380
1167
6491
5269
2582
6692
8514
3996
4982
5023
1743
1677
2513
4839
3214
4301
7458
8766
6420
9485
1679
3706
828
3294
2978
4103
6056
7472
8274
8364
7345
8193
2073
70
971
9179
2137
6376
3799
8485
3821
9356
3767
2311
6134
5326
911
2536
8955
5706
3215
87
2696
9398
3748
7721
1921
6310
106
6279
6035
9777
5961
5430
2121
6131
4940
510
2520
7450
5690
3745
9956
8355
375
3283
4915
628
3928
3237
8458
2259
4036
1077
788
9081
5376
7492
5064
5641
5126
3104
4107
3450
5253
3588
7706
5349
693
2583
8980
2085
3256
5181
4313
5294
6907
4523
7114
9355
1781
8851
4212
834
2973
9490
9216
3730
9935
4174
4142
2177
6984
3187
4525
7128
9954
8294
7409
5715
7034
1118
7848
129
6818
2673
6872
93
5096
8119
9683
1686
9181
4993
7577
1510
2814
988
4451
3904
2554
3390
3660
1252
9842
3137
6006
2926
1226
9233
6852
4950
1726
9306
2715
101
6530
8852
9179
5896
3590
5528
8388
4091
132
7660
4000
4894
6360
940
2551
3988
2459
6798
642
7843
4677
5275
9138
7919
6184
7142
3895
8983
3960
964
9999
8248
6815
1528
6282
330
1119
7345
7218
2961
7438
4416
2097
4745
9620
1716
971
4167
4425
9658
5434
8705
2313
6715
7705
4164
8018
2731
1659
2489
7722
7535
4808
3191
1517
4032
9847
9482
1042
1500
9886
5258
8739
153
5169
5167
8924
5371
8699
3412
6078
2263
8226
1548
7431
4105
2497
8200
6505
9944
6999
7104
5171
5030
2948
795
6608
8366
1198
9173
6152
8893
917
6488
4840
4286
6150
8147
2541
737
9521
5532
751
5786
4749
9661
414
8319
748
295
7429
8371
6797
5321
971
3757
357
581
7731
2667
5260
1386
5202
837
4263
9989
2936
8430
8876
3431
5327
2928
8040
2615
2369
6454
9467
5558
7164
2344
4094
1812
2409
6424
1899
2720
9003
7850
4211
1707
4274
7018
7880
681
4698
8104
7501
2278
9033
1881
7574
3254
5655
3872
8062
6623
9368
8723
232
8997
3573
6566
4274
1937
1542
4481
2516
8240
5071
4299
4878
6778
1588
2414
7151
6654
9729
6
8491
7634
5469
5602
3432
1299
7073
5987
6656
7063
344
3431
4867
2127
2971
3274
3930
3159
9051
6851
4388
4753
4652
9818
107
1006
9631
1670
9051
3096
8949
1136
5628
6658
8900
376
5737
7373
8190
5098
1155
8995
7424
3424
5899
7574
606
2499
6648
477
5835
7014
8778
1664
9407
5449
2074
2353
7166
8980
1529
7067
6448
9712
6232
4049
1972
5522
1602
6229
5037
1567
6705
4998
1184
1758
1909
1494
8218
9574
5963
462
9473
7077
3428
4358
6978
8343
1625
817
7658
8329
8026
1192
4792
8243
8982
4445
3232
9585
4915
8579
8571
5871
5249
4219
6033
5200
2420
8900
5545
8211
7074
922
2788
2620
8735
1925
938
25
8206
2369
9868
9207
182
9554
5867
8327
2691
189
8204
9134
1059
5865
3267
2886
3731
1687
6246
7293
1602
6615
9250
631
8780
9145
458
9021
9717
1915
8905
822
8616
5607
2118
5366
5198
6076
5544
649
4453
5430
3686
96
8035
1960
2844
8385
7014
638
4083
7147
3412
8021
5088
6853
1116
4109
6937
5916
4892
9160
7117
7822
6673
5111
3997
5425
3876
5733
4519
2728
275
3871
213
6452
7870
8345
2599
5343
6293
1985
5935
3533
8655
125
5795
9989
9651
5204
7246
6
9557
78
6069
8854
7004
1311
3612
9240
1395
5656
7792
4726
5981
4648
3830
2742
2960
8901
7062
9679
1802
6386
4072
6334
1903
1267
9530
3725
6565
8111
1226
3140
7024
5023
7381
2952
3140
4323
9611
1479
446
3694
9902
4508
343
6821
8492
5756
5145
4894
1751
7681
5146
4768
990
6761
2030
8058
7853
257
6827
5711
8037
9279
3398
3225
6110
437
8489
7421
2659
7448
3767
699
7481
9993
2738
3436
7286
4936
5946
2714
8809
300
3536
9116
6663
9194
8007
7852
2733
7030
4164
4279
1072
7505
5903
110
4030
5547
3629
2178
7733
5624
8915
597
1910
9093
2223
7554
1820
6738
6451
8148
7890
9707
2726
7810
5633
7666
7033
8550
8562
2373
2874
1507
814
3190
4836
8427
1952
4824
4836
2200
7795
9731
1661
7228
3069
1834
3920
5832
6279
5139
4171
9684
3260
533
1148
9473
5468
4741
7200
3699
8149
6154
608
4217
4572
3821
2907
5302
1499
2000
7831
1333
8686
5256
1766
2498
7778
2320
6425
2852
6461
4553
4734
3865
4407
9762
2890
295
5995
6999
1244
2405
3485
6665
2298
9160
2719
1283
8254
2727
9520
3419
7684
1369
6179
1316
3415
8986
9547
8216
7006
3918
3828
8619
6956
6048
4975
7074
7264
470
597
4063
9304
5847
4797
303
3472
7513
5698
9227
1268
7430
8733
1540
6219
2618
371
3421
3869
7220
5566
7642
2593
9571
7532
1292
4394
4316
8526
2942
9243
1211
1994
3414
575
214
7788
7732
5895
5659
9297
9841
5564
7619
3120
2678
336
26
850
1406
8647
9892
1056
7385
7754
8896
2032
6844
5089
5131
2078
7107
7455
5296
3886
5189
5240
7257
427
4758
8142
8739
2334
1537
5568
6502
9559
8759
6271
1731
1658
1683
7583
4691
1089
6884
9488
5786
7240
6068
7480
6556
4245
5776
1241
341
2994
1328
7493
1006
2864
731
9458
3249
53
3214
5092
5328
9172
2
6663
524
9345
7577
5392
8106
3889
4835
2807
646
7587
4923
6365
1243
7867
7610
6556
7574
7461
3446
1392
7500
6480
5134
9737
7303
7587
5129
41
2264
5575
6917
1355
6854
6413
9538
1575
8981
1038
8663
2876
3521
3115
148
9158
5028
1736
9996
9291
5803
1444
8405
1938
837
8590
6727
4861
3693
4826
251
4754
9002
474
5317
9229
4370
3028
6183
6379
2409
1229
827
7285
5730
793
8534
2444
2513
8995
6215
7587
5819
386
2318
2745
3713
1106
64
8714
8103
1520
1299
5760
1642
6443
3002
4294
41
608
9742
1028
2521
8524
3477
2102
5650
5800
8261
9435
9817
5776
50
8615
9190
3
3796
8938
7830
9148
5008
7976
2959
8745
7987
9952
8389
7224
5479
6439
556
7388
6599
3575
4463
4965
7998
3097
1472
3708
7065
7918
8201
2572
4401
8581
6195
60
2534
1264
1848
3015
3669
3635
836
6747
3404
6131
279
110
203
9126
5559
9052
4840
1286
893
8504
4785
9468
6845
5899
5433
8502
1672
5139
3637
2511
2863
8570
7290
4769
572
7174
9300
229
1491
1645
5733
257
2530
1394
8967
8567
7995
9569
4159
4008
4658
6901
771
4036
4410
9453
3943
6231
9767
4434
1654
5388
8680
7337
4418
5880
1598
4401
9756
3525
5329
4953
6244
6383
6750
7258
5676
6990
4266
1687
7707
4453
6222
3789
4838
1419
9987
2084
8006
5906
7341
2987
439
3804
2538
3146
1129
6858
1335
2185
8520
8130
4562
3348
2895
4612
628
1498
8554
1888
4443
6044
5624
1192
4549
7842
8356
6667
2724
4562
3666
4367
4927
7127
3010
2577
8711
3083
4469
735
8142
5520
3512
4925
7350
1114
7091
5873
3745
5848
3708
4499
3170
9377
6577
5859
3461
1792
5563
2107
7894
3856
9350
4653
1216
3455
5376
3190
1340
4929
737
6340
2735
7282
3787
8908
3855
5615
607
8874
694
4017
2445
6118
6997
6834
5842
9238
6621
9451
8933
1295
8257
2148
882
3207
4183
9678
6210
5216
2222
9946
8057
8641
9097
9375
651
5480
6632
4813
8839
9385
9482
2131
4711
8909
7502
5577
12
269
2260
9504
9605
8074
3593
5675
1316
9684
7686
4197
563
2714
1635
1484
7835
2197
4978
3695
8813
1415
3263
1283
9455
4435
6583
3185
3100
7089
4723
475
9242
7988
6674
4439
5534
7398
6738
9118
1911
7148
5514
9020
2833
8968
4571
852
3281
3738
783
132
5311
5582
4560
7300
9573
6852
1528
4798
7768
8391
8983
2351
9460
5400
9469
8203
5517
9872
5611
4020
9983
820
6706
2433
4200
6242
8523
8444
4033
5906
1639
6692
445
1789
261
7868
128
5407
2112
1896
9930
882
1442
2945
8597
6906
882
8033
2052
2803
5149
989
5191
333
9317
9669
4697
1090
1652
2921
7269
8712
3729
7353
8051
4593
7238
7961
4414
8879
6866
4467
1221
282
2594
142
2641
6242
8036
6278
819
8002
8039
8562
5046
2990
5114
7139
813
7074
4321
9104
1138
3797
2505
8157
6350
2614
6516
3618
3752
5595
7141
1333
8726
31
3003
5735
5506
7096
8813
9065
6747
5646
2568
2397
9617
2186
556
945
5994
8451
965
921
6725
7339
3111
5385
2296
1632
5280
7883
4520
4948
8170
8536
9653
2571
7987
2198
5429
1724
6206
9536
7852
6970
5817
7777
5855
4795
5545
2098
1550
8372
5134
2600
7931
2636
2122
7440
4523
6231
1129
1728
5192
6216
6205
9972