5104
9023
9474
5718
2857
3466
6490
6912
9967
6482
8746
4107
7996
9142
7151
2860
9875
2695
7202
1168
2236
9522
9103
1747
721
4186
2115
4143
2064
9293
1812
3681
264
2815
609
2966
2308
2609
8563
7151
5348
6168
8836
4234
1833
8881
6480
387
4665
3584
8867
8353
1744
3475
4834
7015
4214
2236
3361
1201
6566
8280
9958
9716
1197
2604
4833
2107
9920
9157
7721
6416
2920
8413
7226
1875
4977
3415
9635
8506
1541
9425
9405
1408
2598
6618
4190
6069
977
1279
1335
5401
625
1869
5733
8142
5554
7221
4661
5242
4132
313
9913
9012
241
1698
7960
8081
7941
8516
8419
1397
247
2274
1140
8528
5017
7106
9733
5590
4146
2644
4483
4776
5810
1844
563
3819
5055
5524
997
7259
4018
7038
1455
1896
6837
9436
9009
8763
5488
1659
7344
1874
6989
8482
4767
6488
3072
6932
480
3742
9366
1066
9539
9338
9627
8218
7985
4054
7558
9429
8547
4317
7276
1946
8557
117
5717
8569
1872
5976
8010
7348
2370
7000
1339
7911
4708
4542
5344
7975
9181
110
1090
3802
5917
764
6209
1021
4535
8398
4849
5458
4296
9766
8511
7982
9895
7474
9038
3707
4587
4502
4544
613
7201
9143
0
3226
3278
8738
7149
2914
9625
2277
7142
7490
9845
357
1660
7622
9776
7013
4651
4691
2924
7609
6826
3745
8937
8741
5870
6309
3035
7098
9085
3849
3579
2708
3208
9028
733
4096
9012
3281
255
9702
8639
1851
3166
5293
3362
919
9746
1759
5697
8625
7520
3291
5688
7318
3115
4721
3346
1128
5559
2275
2233
8087
4386
5946
8159
7462
5296
3975
5333
1724
4901
8554
271
2567
9653
2601
3626
2569
6146
6493
2359
8705
4752
4645
3285
832
7477
721
2737
63
7255
6646
6048
7768
5776
1197
1421
4401
5853
7356
2509
4644
58
1717
22
4527
1705
8797
3129
740
4895
8056
8226
1120
7069
5000
9287
4798
4639
3141
7071
7848
3690
9546
7321
1101
5165
8035
9222
5682
5752
998
2393
6535
2815
4500
3320
481
6905
643
6222
5240
3154
8805
8948
7325
5024
4495
7664
5168
7605
8847
8283
6615
6210
4353
7329
8682
6087
9866
403
3889
5901
153
4676
9705
7488
1209
2588
6617
4124
2924
4646
4529
411
2676
4186
1041
7760
2138
4175
8923
3849
784
4478
9234
6916
3350
1140
9830
2661
7911
7252
1822
330
7741
923
6519
8621
9528
2396
2789
1977
9612
678
4479
7859
7957
3958
1732
416
9885
4575
4518
5608
2585
4209
2436
8384
7372
1788
4794
6737
3599
4626
4869
4842
3712
7667
3965
5370
5240
9794
2863
3560
5923
1020
2918
3637
7658
3800
1222
3296
496
9098
9261
1962
5490
6165
35
6348
4405
1559
510
1972
9889
124
1215
2738
2229
5484
1673
3530
4974
2171
4672
2881
1504
5089
6424
8234
3591
6944
2453
5104
7617
6347
2225
2386
5993
8864
3686
867
4247
6291
8272
3967
1744
3106
5021
8369
2280
2516
8923
417
2485
6107
6349
1627
1939
2557
8487
702
7443
1029
1916
9476
6488
6950
1422
3052
1356
941
6283
9108
6887
5446
9061
6061
7090
2908
1668
8926
613
3239
5579
4406
5293
2935
204
1669
4493
1843
4059
7979
5836
9579
3673
2591
5301
3077
142
7623
9254
9569
9817
2667
9717
1353
8254
599
5012
5594
1264
9762
4429
9871
5918
4624
9657
3467
7129
1913
2540
3543
4019
3625
5793
5922
2327
746
6229
4165
7700
7897
4935
1185
5544
8594
331
7186
5174
397
1038
5295
4981
9189
4250
2714
2348
8575
9543
7282
8088
2785
3416
9258
8213
4916
2236
8073
871
6362
3687
8832
9070
4011
6313
7895
4946
6727
5838
9383
4396
2411
6005
1797
9575
3431
2616
1797
6939
3749
4549
5456
2326
589
2638
5052
9337
4000
2932
6267
4751
9647
6776
5001
9810
7272
8831
8198
3116
8585
3115
837
1103
3363
2648
9000
508
1626
4183
8206
3135
9672
4074
8281
9781
8365
6745
2134
4996
7213
230
3572
5409
9381
2512
8665
6757
7070
834
5234
7111
9604
2527
8893
7517
1814
97
4904
192
9010
4367
6984
1704
8001
7249
5499
5728
3691
3623
4977
9256
4018
3622
8572
3667
1373
5476
7551
5725
5982
2085
8900
7411
6129
5565
6353
970
6531
8038
8964
8397
7956
8096
6534
4316
3905
5929
5613
9269
2084
3175
185
3374
3208
8612
9632
1374
607
4159
1350
6901
9039
5310
6335
1321
1854
1175
6900
9766
7280
4182
9875
9165
8241
761
830
4877
1059
9905
1951
9318
6716
9937
1080
3057
2414
3956
8140
3058
3415
4919
711
4015
6974
8072
145
4436
8487
4895
7449
7042
6525
3499
6887
2805
499
5995
5881
3257
7161
995
514
5881
9846
8113
5184
7634
8943
1973
6945
498
910
6588
1578
6986
8392
4617
9422
9675
1467
2603
2894
9014
8284
2305
3831
2749
7015
2017
5804
171
8597
8967
2587
1631
1637
4580
4380
386
9628
1762
8447
4576
7335
6719
3785
7108
9583
7653
8360
6960
9162
4126
1082
3422
3746
3696
5840
2982
6341
4680
298
5208
4956
7872
5822
7067
3834
3389
6056
8167
1684
8332
1173
3948
276
5607
7402
8836
2932
8525
7057
9755
6558
9547
9343
6836
3335
517
6627
7003
3189
8807
5043
7099
348
5300
8534
3624
7928
5684
814
2557
7106
7283
7207
8999
8511
4446
7003
6788
2903
8005
4301
9202
5932
4463
5145
5883
1096
8307
7395
266
934
9914
210
7184
3435
9616
1846
2084
2384
9502
2407
6070
7156
321
7910
898
5635
7096
3520
3480
9904
9227
9129
3971
8769
5997
1447
3549
7144
7139
3881
6005
8364
6836
7680
2528
1435
905
8102
4477
7259
2677
9885
8428
1235
6457
5943
4860
2666
4347
8773
5643
2303
447
6811
566
2151
9889
1993
8151
8645
2113
3124
2195
3423
377
2176
5753
9017
2299
770
8740
393
1072
998
9055
8747
4356
6049
714
6864
5336
3826
9068
3028
2541
9198
4934
21
5432
2674
8663
3920
2622
4212
6948
9960
1640
4444
8912
2535
7880
8680
371
5048
4034
4597
707
3478
6830
2554
5854
1312
8710
6356
7518
7637
4186
4327
1873
5307
50
4876
9622
2110
7322
8731
9641
297
3668
9689
3852
676
5359
5271
4573
1212
5263
9852
8378
5411
7943
8828
5697
1536
1099
3346
1420
6922
1846
6545
6815
5395
7705
269
3956
8471
5470
2830
5201
4305
8551
6468
8632
5421
8372
856
8044
3592
7089
7777
6026
5224
6254
817
7780
3561
6777
2965
1021
9673
6435
2775
8327
7136
4723
8246
755
9300
2462
986
3279
951
1473
7453
147
5409
2253
976
1349
9743
9823
9842
7325
8615
8415
4947
8701
769
3789
1458
288
3170
2605
9357
2731
6503
6943
2915
70
9059
6833
4407
5878
6910
6216
2406
6678
9355
9899
8335
7116
5747
1504
180
5009
1144
1637
2302
1337
6782
8462
6736
9580
7210
140
1061
2926
710
5513
2855
2203
1202
6653
7430
6432
2099
998
5804
4252
9215
5855
9621
3330
8996
1553
1103
6026
7579
9118
3079
8222
8415
4590
1171
5532
6316
9253
5881
7021
9270
1315
7327
1667
568
2378
4976
5880
8140
7342
9869
984
8590
1762
1076
9329
6820
2295
8047
9452
9969
9086
190
584
2556
6744
467
5217
2684
1995
6860
8059
9030
5451
6668
9994
1833
862
5425
9660
8010
9333
823
4690
209
9519
5426
298
6731
762
3810
8157
3431
149
2231
8747
8438
4078
4387
1156
7056
7580
1147
7328
1602
431
4506
9595
1728
5873
2663
7332
3461
3191
7129
5389
73
6664
2409
8835
6101
6606
8905
7825
2616
4656
7363
7760
903
9772
8589
5812
4773
2001
5625
4295
705
8818
9093
8114
3644
3638
938
8581
5407
1386
1024
8832
5801
2367
2486
9218
4534
7563
4396
1967
9297
7924
8757
1386
8654
7674
1461
2882
6841
3786
3221
9232
3235
319
7503
8146
2652
7884
4494
3089
524
7103
3045
4398
7211
8151
8952
3663
2328
5850
5385
8844
9799
5635
2992
7475
5809
8705
2821
9759
3002
8999
8315
2194
51
8622
2949
4195
6823
1034
3891
4057
9142
7795
1389
7745
6973
8854
2145
6400
8518
3059
3020
266
590
1956
3588
8969
4515
7278
9105
8899
2250
2419
1798
9040
4759
9046
2759
5250
8371
5883
1944
5898
9366
954
7280
3935
1269
9219
56
8927
7198
7651
3183
78
7296
2052
3727
7375
4614
6100
7291
848
508
3114
3552
9593
6246
5259
9008
4484
9745
3179
8590
2552
3192
6654
5117
7653
1457
5437
6569
2133
5910
3176
1829
2803
1147
9893
1819
7218
6270
3731
6676
6000
1228
3388
7067
151
1555
8821
2319
7948
1806
8408
4908
7064
2590
1791
2369
767
9875
1710
9705
8108
7605
1636
5675
6194
4684
376
8842
7601
2854
2008
8491
7238
4978
7668
6495
892
846
8978
6752
7230
798
388
4021
3532
6391
5741
8633
6030
4165
4490
5185
6537
6561
942
2414
9225
9188
5350
3932
6244
6047
7173
3871
4320
4226
6259
6862
2012
849
7420
7659
6732
280
8397
6392
450
83
1757
6301
5301
6623
3378
2576
7670
3465
2102
3955
5685
5689
9279
6279
3300
9417
1129
2480
4905
7905
2070
9146
420
7453
5733
4417
4089
6574
988
5259
9107
4766
7657
8049
8924
3124
1457
5591
8609
8754
6204
3938
8783
8499
9189
5679
5374
3693
1178
8024
847
9526
9720
9209
3395
9088
1109
824
1025
2504
297
3535
5437
4455
2120
3441
9155
9969
9354
9379
2143
184
5167
5941
2528
3738
1742
9827
2891
4380
8906
6926
3033
8605
8064
8643
104
3739
3419
991
3154
5643
5525
4562
1685
8083
5170
3489
6891
816
7501
514
4603
5139
3960
4951
5977
9291
3748
1985
6372
6347
2623
2863
6927
181
9392
5716
4260
1599
5019
6807
8509
2524
7387
8286
6318
4167
2736
3994
7243
7304
787
5798
2548
4389
3467
1908
5722
8235
6978
9918
7700
6700
1904
6283
5038
5226
6722
6060
1262
4780
2873
3951
2315
2284
6315
2078
1786
3370
2059
7971
818
2368
1691
1703
8071
6878
3463
6309
6679
3900
4862
2210
5061
6019
3584
9968
4620
1493
4761
6748
4188
4707
7520
5727
4114
3702
7972
7746
1478
3817
7281
2937
5094
4353
5304
6410
1669
7917
901
1315
6943
2631
9115
26
4839
6201
9350
2060
8982
427
3937
2113
7361
9434
7861
7235
9908
5834
5753
2258
1024
8382
5419
306
7692
640
3998
6943
6260
911
9198
8543
8783
8943
8448
7138
794
5745
1002
5170
6467
2741
947
4173
6849
7577
6081
1797
8288
2937
9775
2777
591
9388
4817
9712
4170
1183
6238
8210
845
6639
2389
380
2502
693
1932
7011
4604
9539
4528
2993
5762
4217
4100
2456
4105
6099
3576
9032
5463
580
4892
1087
5059
810
1334
4658
7417
1268
8038
8412
2250
8663
3999
6763
7783
2672
3801
312
8766
6192
9616
836
3744
2100
3019
492
6000
5137
7110
9108
3711
6975
5913
6683
6312
4061
3671
3001
4403
9816
567
5230
3811
56
1443
2913
1120
6974
3389
2576
5625
3104
6174
6732
5071
9498
9569
1484
3772
1088
247
1338
4309
5458
5509
4681
9983
3607
3557
623
2045
2132
1901
7168
2586
4184
2941
8887
7838
70
2578
9137
8884
3574
9837
7307
1215
5851
4624
7784
195
9233
3621
7937
3326
2048
9274
7365
8689
5366
9568
4209
7314
2327
8538
5760
9508
195
4450
3497
8076
544
7151
6910
1491
3076
8430
1921
4706
7585
6070
3897
7928
6633
5780
3889
3881
157
5350
3479
9951
9462
304
9503
5830
1027
5566
511
6402
2480
7602
9128
5540
1326
2693
3716
5274
105
2455
7434
1551
2227
5168
4871
299
7639
6396
9661
3740
8727
6887
4941
1990
6771
5051
7391
8128
2885
3693
4895
4309
3016
472
7439
318
2477
6306
9474
7870
6542
3700
8936
5416
7893
5635
3617
344
1955
1495
3059
4468
3163
3329
996
596
396
7402
1950
1423
971
9833
7870
1372
906
3276
5544
660
376
8059
8323
9208
1056
2008
9001
286
1585
6034
5573
7279
808
5052
7938
8388
2924
5292
7247
1470
8127
8973
8723
5175
420
4495
9417
1235
2632
2786
6336
4463
2898
4223
1413
3803
8362
2791
8952
6207
4199
6126
2392
8488
5856
3611
6300
830
5872
7878
3800
596
4247
292
5718
1078
6814
3588
6442
3539
1653
7443
3664
7929
4307
7130
9127
1330
9140
1612
6062
4363
608
645
8951
9224
9955
6639
6522
2539
7076
1584
7977
257
809
2476
8235
4421
3565
106
5146
4481
741
8467
4222
2469
5361
232
6225
9130
4143
2604
7537
3303
8569
7552
2086
2533
852
1454
8078
7317
8366
5946
7760
6373
9165
8090
1391
6262
3631
5730
3052
1267
0
9781
609
1474
153
6071
7038
4917
2586
7115
1854
6537
2015
8386
3675
1528
6133
2580
5018
3139
7203
5794
8893
3580
3122
8481
1480
6362
9327
6614
298
3348
5627
9548
3767
3161
3896
4704
2716
7172
9712
8469
4609
3235
4452
8485
3253
1190
3207
8767
3857
9679
1411
5726
3009
6173
5004
4111
920
8109
9431
996
7563
5470
990
4723
4943
2805
9595
1454
377
2863
3934
1806
1300
7112
7910
4047
5065
4073
6220
5272
2880
8808
4397
614
9060
3536
3019
6348
7359
8109
8918
4508
305
2200
80
7045
6799
868
9595
1109
6493
4721
1959
6541
3479
9784
8708
8134
5039
4329
8745
8784
1030
4059
5269
6927
237
2461
5030
3832
9145
4409
109
8394
4485
7084
73
4947
2604
1104
9004
5289
2810
9043
4160
5364
6941
2681
6038
7455
3677
3424
3237
6288
6901
3237
1717
4944
1187
7200
9003
8265
7740
5433
1667
5196
9340
3325
5210
3110
6980
3718
1719
6434
2746
3382
611
3803
1287
1013
8646
3302
5626
5715
7129
4763
3382
93
8257
3993
2793
6315
8899
3211
3733
605
3126
8873
6987
5618
5058
6187
4029
9420
4651
9878
4135
9731
9449
9789
3935
3899
1855
5375
9689
9559
1223
4029
7837
3400
5793
8009
9702
904
44
6228
9815
2069
4068
3688
6607
8297
6489
2626
8862
8574
9566
4070
6595
5504
2924
4778
4881
2198
9594
2365
3503
1448
1148
591
9292
7321
9642
9043
7168
8696
4054
6890
5636
6337
3428
7186
4647
8453
5842
2900
9677
7677
6697
3858
1639
429
3094
4778
8442
3445
7225
4215
5692
9019
557
4441
9692
3444
7207
4399
6733
6718
8117
8349
3181
1470
8892
2778
7805
1840
7706
5402
6849
9311
2657
9745
1079
3865
3926
3006
3354
431
1902
9005
1379
3974
7109
8480
8825
9760
408
4641
7789
4727
9828
4296
2188
868
8230
5320
9669
3612
2848
6394
878
1089
1655
6868
5143
8204
4864
1161
4244
3942
4135
6736
3916
7399
9022
6142
764
2545
2040
2711
6340
1235
7687
8377
7864
3993
8964
2448
3224
2242
9434
5604
1866
3712
2253
9665
8542
1318
9630
8194
2686
9251
7364
123
4280
5494
1332
6199
1844
4413
4184
8270
8363
115
8833
6938
7693
5458
4206
4177
269
7874
8963
936
6318
8050
3929
3277
3460
6005
7641
8920
4102
6176
7185
4709
4884
5313
7245
5172
8307
382
1339
2707
9379
5671
6075
7984
9594
2256
2434
7127
5284
5797
8156
4996
4872
3048
7192
3919
253
7346
5652
2070
9667
6181
7219
1291
7265
9810
9970
6493
3706
4982
9310
9071
3894
8418
1831
3713
6886
2532
4719
4712
2253
4861
5446
2853
3174
521
5216
7209
7592
6794
2589
1679
8351
3330
9332
1523
4520
6831
4226
8945
4236
1608
8892
6588
1116
3675
1885
8240
520
9136
684
3267
2128
6721
1499
5487
9611
9356
9934
4284
9004
8128
491
9803
3929
7986
8350
1934
6532
3011
4074
2892
6884
5451
5642
1864
6802
6805
2595
3550
3836
6878
1563
1966
2303
1045
8109
9756
9474
4826
9038
1790
3670
9484
2737
6570
4853
4374
7196
8914
7985
2325
9690
6806
9137
4470
3529
5639
5204
9913
9819
3167
4381
7262
6088
5257
7008
1212
9055
3468
2745
5518
4435
7450
4494
6179
4883
8892
5880
7363
3186
5754
9849
7716
1878
4379
2697
1668
7368
2577
6995
8071
6188
2012
201
1104
7728
5830
9298
9366
877
3815
55
215
8822
8810
6557
5641
315
5222
2774
1269
9614
7526
3303
3374
6838
1483
1168
3155
8051
6364
9522
2601
9642
167
1009
7898
6474
8621
4144
3719
9250
8860
7506
9760
5610
6386
9112
7667
4082
5268
892
6511
7000
4725
9194
9145
6372
7238
6243
5863
2112
9976
7899
7464
272
6690
5326
5669
6456
712
3482
639
7929
7239
5077
6065
2717
5443
2767
2578
7280
8304
9576
5294
2407
6092
3197
105
9215
3494
5351
6655
1474
1111
2511
4108
2477
3154
737
2292
6731
5095
2363
7593
5652
4853
4186
5166
6383
9171
6385
8667
8095
3110
124
753
7246
7692
5910
9063
8014
9960
1916
6126
5394
5293
8791
2685
8103
1895
7750
1673
4629
1663
3868
8848
7604
1227
8183
8541
9851
6659
6604
7904
3651
991
8298
94
8181
2964
992
7089
5515
8162
6362
1704
9408
1228
8024
3393
8546
1049
599
5205
1220
8502
8893
5509
1278
7299
2384
5355
2315
9597
2759
1464
2488
986
7575
9743
1785
4652
5595
8882
8578
7666
1342
6638
6113
6156
7443
704
1874
9781
7043
353
3475
7106
9251
1906
1113
1116
5894
6464
4328
8268
184
33
2932
1829
8997
179
4800
5135
1204
7502
3571
3414
40
831
9907
3237
5936
5510
3050
2557
8355
3726
1200
8895
9239
8226
8390
1337
1530
6814
9307
4434
1686
5881
9456
7157
5857
5738
8044
2113
384
4153
6850
3013
7349
1772
715
2477
9497
3300
9089
9690
712
7318
6986
7822
8270
3395
9679
4548
1293
8063
9822
4599
7087
9942
8779
1319
1613
3923
435
3291
7173
987
271
1883
7149
1409
5419
4982
2409
1013
2744
7029
4397
6944
5290
9718
283
7029
601
9170
4326
3252
3144
3142
3769
3367
2761
5019
7326
5398
3840
7001
5023
1886
3378
3584
4372
5206
2326
9979
627
8536
3700
9741
6424
7597
2933
4231
3725
1385
3936
8744
969
2440
5220
3692
2010
3858
5017
2042
593
3793
2861
4977
8198
3260
4952
2218
8770
2717
7348
9181
9710
407
4489
7551
3706
8168
9097
5538
7684
2974
6351
6008
6824
4060
7744
9066
1609
6219
5283
8846
7423
5296
5079
8179
3761
3437
3223
4440
3131
8309
5786
3627
7168
7296
8095
3872
9541
1472
8381
2701
979
9010
1493
5060
6039
7598
6807
6176
6644
1735
1248
5029
4136
4610
9865
7424
3661
454
9523
2419
8519
6933
2991
9202
9628
1343
8281
2093
9993
7879
9910
6568
3495
5887
2437
691
6061
1350
131
9052
6284
7536
4885
6238
33
3835
8820
1352
5314
2056
3796
8911
2752
7014
9536
36
7028
3305
3083
6400
6659
9464
6202
9919
8857
6351
7363
443
923
790
9114
7931
1143
8755
9549
9859
6869
1970
9318
4587
6655
2313
9709
9339
9901
7128
9002
5317
4386
3322
3105
4158
9388
9230
7861
2438
6584
4981
839
6674
6338
9771
6773
489
3892
3061
9509
6247
6506
9147
2375
4119
7894
7582
8479
4072
1157
1316
292
5512
2269
455
5504
5242
9190
9432
4938
1505
3871
419
6355
3545
9350
567
1395
9307
876
7769
3953
273
3721
4411
6685
3942
1446
7775
8879
1519
6465
9893
1526
1665
1030
5800
1711
2189
9292
5439
6248
2145
7457
2427
3830
8330
6639
7082
637
142
1157
7713
7953
6136
9100
3079
9926
7232
5432
8472
7187
9627
2305
4642
8618
5274
951
1259
3111
6649
9107
4457
5901
3141
1726
5762
7671
1309
9556
9674
6494
3761
8344
8327
4004
1547
6346
442
6900
7355
6059
4327
2298
1713
851
39
5663
1480
5440
7335
6337
4536
8413
5468
8544
3529
2128
263
1417
2987
3690
130
5993
941
9822
9389
7167
5280
498
1532
2046
4576
5158
2381
4687
6929
5376
2057
9529
8917
2155
7185
4164
2282
3678
7508
2307
1069
3245
2994
6964
1355
1040
4954
7078
4289
5043
5095
8479
836
592
6247
4469
1632
1129
4449
1795
9218
7397
225
6149
4939
1350
8761
8575
2670
1156
4228
3022
1502
7115
6073
7221
5766
3006
5563
214
118
28
6527
3866
8169
9565
6950
558
6139
1874
9193
4700
6869
297
207
7263
1445
7159
3949
4300
6084
3355
794
6373
3302
4095
3428
2362
1998
2099
9391
6581
5353
1439
836
9524
7474
7278
3507
581
3526
6961
9263
6625
6632
1796
7918
6312
4221
147
7939
2530
2216
6287
4566
7799
2042
133
2996
791
7609
233
1383
1217
9185
4461
3190
8994
2066
2953
2936
3230
1208
1951
1021
7881
2837
3241
7151
444
5929
4120
477
4122
82
4425
1404
5339
5013
6949
7107
4716
2312
7853
2012
6248
7592
5204
7943
8099
7736
2481
7835
6304
2835
629
762
2479
5535
606
7263
6886
1419
9748
4038
3289
647
2044
3912
2616
9328
6617
3889
273
9634
7974
1470
1382
613
5559
543
1307
6150
8521
1066
3763
8884
4035
110
4181
264
6010
7821
864
7488
3597
5985
4297
901
9663
5043
1555
2376
8578
2493
1859
6010
6597
9903
4177
5191
3423
9563
9666
8236
4765
4168
6440
10000
964
7014
9571
2730
2854
2785
9316
5134
8697
6869
24
2427
8339
1001
683
5468
971
3309
1586
4410
3629
668
3937
650
2970
5996
5586
122
1639
476
4349
393
9513
287
8716
4229
4270
1706
6544
1052
3304
7558
4172
7809
4161
9393
7350
2017
4411
4633
5527
2472
8499
2413
3211
4708
5323
883
265
9312
5261
3346
3505
7868
8975
4021
3165
2847
6898
5908
9267
4407
7533
7029
4436
8624
7916
717
2154
2134
7036
6439
8753
3996
6781
9507
4983
6874
4357
6618
4571
7667
2377
5831
2157
2678
6687
2831
8339
6051
885
5448
959
4203
7375
75
4149
4634
6931
7853
8894
3964
5836
5601
5123
7879
8075
3620
2226
134
1214
8824
6648
7567
7907
6350
4521
7371
2325
3070
9127
9809
4715
1496
4212
7378
680
6050
9644
3205
652
1048
5335
8636
2247
1001
8112
5572
4693
5651
2469
5042
1259
6242
4953
870
430
4291
6590
2432
996
1185
4240
3890
8360
8390
8664
7474
6565
8611
6396
2784
9066
9118
4399
6325
903
3136
4814
3928
6579
6292
4866
3893
6741
9857
3247
3011
8458
5568
8115
3028
4276
8222
8537
5040
2952
8131
3540
2258
1532
582
9949
8864
9362
2415
7093
806
2138
9617
6406
3373
8329
7115
550
1318
3102
5911
1340
3723
5213
4229
8063
1218
7525
4626
2482
4126
8719
5276
3919
5798
1818
8666
2689
314
898
5380
6279
9551
9456
6547
4310
5618
3922
9607
379
8312
602
453
3447
1250
4684
1853
8393
1789
1849
7677
7516
2665
1828
1899
8484
3889
3016
9842
1714
2669
9062
1368
2663
9249
977
4696
3658
4053
5060
8104
4876
1634
6211
6364
9438
7452
1150
7325
2854
2809
9105
5603
7889
5176
990
1603
4981
1585
7501
6796
1097
1898
962
8528
7176
4357
5918
8612
4291
9209
4140
3633
5027
9935
5862
8355
6969
290
2973
5170
8488
4600
4756
9572
4182
3069
2779
3674
526
4814
501
2585
3814
5557
6466
4651
5933
4643
6275
396
4382
9027
2097
6028
8877
375
6711
124
342
27
9852
7908
7782
4222
4525
6328
9803
6352
5401
1365
6623
6274
2251
7306
4666
2227
1604
4521
4600
6039
4841
9188
4386
4364
8076
9073
3731
7028
3430
8283
5868
1573
10000
5432
2403
7150
1437
6473
8434
4991
4863
3754
895
601
3055
8392
151
5963
8600
4387
8292
7045
2718
8160
6327
6320
4034
8739
9966
4939
156
1058
5680
5203
441
7212
4996
8718
1131
1151
6052
5561
318
1281
2609
8126
499
9430
8693
5756
3225
3440
8176
2639
9374
9262
6443
6389
7738
8320
1375
5218
8880
2510
2597
4177
7663
890
9421
4610
3757
1179
6483
2251
720
9099
6323
7575
683
1440
1198
4224
8317
4501
8267
3309
5614
9503
369
9275
725
2729
3282
3639
5311
3110
9275
7235
3542
7930
9181
3804
9374
4900
5547
3223
3350
6103
6219
1560
8615
7751
2779
7593
3910
1314
8325
3835
2999
2686
9619
7911
5861
5414
2688
5584
6239
8518
450
6410
143
4846
3402
8486
3101
3298
1712
7664
8907
1437
321
4165
5072
7262
9411
4140
1001
1394
7681
3548
1875
3606
1639
1549
3282
3449
4133
160
3436
8142
2262
1325
7250
3555
5843
500
408
1772
2649
5921
8741
5491
152
3534
5426
6663
807
1133
4368
5074
9115
5657
75
5856
9749
6887
6826
430
150
7276
1966
5138
1278
6348
1957
3884
3016
6422
8518
9246
2913
9021
7264
7928
8379
392
4128
4843
6145
356
9060
6276
2715
9018
1561
2633
8601
9444
4416
3114
1294
7125
3256
552
200
4117
6145
9058
4610
4693
6892
2031
9421
9678
456
4878
4881
6904
8386
1854
3538
8360
4143
7438
2961
5134
9421
6514
4819
9396
3804
1356
7168
7512
8347
652
575
4810
9215
1789
7371
3981
1877
9494
6462
5638
8792
1257
6006
7828
888
4518
3129
1872
8230
7664
5391
1382
5895
5280
8605
7802
4697
4816
7342
6810
4701
9079
6680
2231
7811
2974
4115
6378
6706
5745
5155
7166
6836
1324
8191
13
7256
1428
3406
2670
5916
4927
1440
8001
8854
3362
3908
2009
8821
9961
7039
1852
9343
8022
6064
9952
5415
2699
2958
6861
9713
8722
4322
5311
370
862
4704
6655
2370
9042
2335
9913
9265
930
8150
2864
2602
4698
4401
9039
4271
4250
9748
2912
1037
8184
5395
1975
6290
7808
2935
8372
721
4421
136
1352
6382
4884
5650
8728
1749
6863
1588
5366
1721
8680
5323
4920
3809
1299
9980
8707
9452
1691
6998
3472
1044
2456
9153
7
7629
9911
1353
3442
7280
9038
9392
8492
7385
2281
9878
5482
4143
229
9914
2358
4554
9750
8152
4240
5444
899
7377
7515
81
1835
5832
8211
3593
1508
8940
1788
4928
7732
9245
448
927
7818
8796
3768
432
7388
1456
4377
2231
6039
8985
57
7287
4593
5604
6978
4865
6788
6725
1474
6970
4340
4582
3271
6220
2496
7008
2472
6299
356
9252
7961
8112
1544
7079
1987
1084
1109
6979
5799
2701
739
9833
1595
2600
1136
3255
8362
8780
4564
3271
1227
7073
3893
7647
8988
4378
8725
2772
7211
4892
6657
1500
3570
5158
5055
7111
6850
7480
568
6069
335
5954
9196
2362
2175
8551
5227
793
112
6269
6098
9321
1962
6879
1610
3821
2126
511
5697
2490
1366
2057
7779
6503
1975
8980
4840
6476
3852
7399
3296
4985
8821
198
2696
5981
8867
5647
7042
3324
5765
7663
8210
2856
5026
574
9615
5257
6092
2914
5810
8188
644
9795
1354
9556
9416
7983
271
2736
8648
8203
5687
1801
901
4281
4844
9873
1621
4447
6692
3295
2653
179
6600
2691
6350
4270
8671
3552
6932
7555
3164
1871
910
3512
3930
2937
1166
1948
6892
5375
5478
2159
1719
2266
2383
8153
9914
3882
2943
4839
6702
1054
6834
8056
9073
1259
4809
9749
697
8150
4878
8374
1740
5393
1768
5583
4234
207
5455
8426
2369
9358
2385
7259
4354
37
3139
8394
7578
6016
2932
8599
6118
30
9883
7345
6357
9318
5151
9490
489
6781
2725
6226
198
9124
5314
4798
3036
9460
3972
662
1095
4256
7544
3756
583
1477
2079
1830
1280
6988
3640
6866
4407
5762
4061
2742
2838
7311
1281
2439
4349
6218
7840
6251
2352
6984
2819
2420
9131
9375
9261
924
5077
4722
3771
2112
9693
3810
7685
3830
4039
8225
9487
4421
787
3361
4992
4967
3523
7370
7235
8057
8928
8030
991
100
8590
9964
6065
9742
4610
9875
7392
9300
3878
4939
6512
6496
4289
3554
4381
2149
2235
6784
7296
914
1216
7667
7844
6748
310
2486
2249
2387
1214
823
597
8915
7940
248
7691
6514
8202
4268
3112
3387
4889
7212
2219
4325
884
9891
8719
2358
3234
1609
6634
9657
8233
3822
4463
6778
3724
3314
5055
8966
1462
4667
1308
2102
5660
8065
793
9361
7882
3155
7696
4284
7429
3146
1307
2597
9761
114
2524
2483
2309
3164
7928
6853
1080
9176
738
125
5699
4066
2854
6034
8144
5636
5440
9347
7212
9130
6262
1198
3054
8304
2673
9023
9090
1704
6304
629
655
3950
2491
4945
8226
7621
9163
3552
7112
1698
7368
2404
2906
5128
5026
3459
1307
5458
3944
4921
8051
2547
1512
3047
438
8028
1130
1373
2566
7550
778
931
6635
5354
9709
4582
7609
4063
7013
7080
6310
9668
7746
3812
2246
4242
1856
9311
6759
1356
8781
513
7932
6909
1346
2268
4966
6660
5470
9296
7559
7236
2515
3886
4920
1169
8076
6762
8478
2133
4341
8264
1684
3794
2663
1909
3143
838
3888
2909
5399
1183
8209
5200
8648
2991
8162
3823
1074
4227
4282
44
323
4002
472
7383
2899
9580
4552
8438
4845
7314
2343
1688
1512
9763
6811
2117
6089
3290
1906
7353
9604
140
1854
7394
6237
8282
6812
4382
9687
6359
3471
8102
6452
8699
1201
8042
2792
8202
2947
9798
2680
8338
3168
8189
238
3154
5370
6238
2798
7015
9020
4809
4420
4032
4495
8616
5240
8464
9994
3466
8574
9173
7795
1433
3067
5408
7037
5288
6041
8783
6862
2549
985
3419
8166
197
7401
179
6154
9338
672
2868
2307
7785
558
1817
7022
6246
4381
8080
3288
7876
1950
3287
7702
6914
7870
5739
7415
3615
7538
809
4217
8490
2276
3706
5773
6126
4928
6839
9559
7814
2622
9792
3823
3684
9721
459
9648
3861
5983
2571
721
3736
1388
833
2491
282
7323
8881
4599
8443
4106
2641
1518
7249
1625
5320
6355
9927
8590
5370
9090
2574
918
3868
6751
6713
6006
5753
962
6713
7998
8910
9141
0
2574
7937
4556
49
7122
9571
1865
1260
2717
5426
5959
7820
4586
3178
1929
5678
6661
9506
7818
232
5483
6113
1224
2457
171
4516
8334
5385
8743
5415
3973
9876
2301
5675
6658
9743
7741
7777
5548
6165
4358
4378
4727
9524
5697
7412
8077
569
6373
1862
7427
6981
8334
7038
5833
6334
8242
9751
9197
2962
1038
7730
817
6865
3639
5028
270
4887
5748
9769
7090
9964
2450
3515
6483
2625
1951
8632
3699
7864
3170
4284
3982
8199
2118
8826
7961
5358
2645
2193
3080
4034
1852
4483
7788
9184
1744
1935
8750
6805
5925
1646
7181
6657
6747
9826
5588
6395
954
2654
6862
8884
5219
5191
9812
8090
9288
1795
122
8471
2569
5429
1723
7687
1286
3076
9265
5274
9486
1361
2075
8390
7489
5015
728
7988
2685
4795
596
8935
2556
4908
1522
4956
5492
4571
8864
2077
7712
405
8286
4925
2669
7110
2664
1725
2402
9613
9406
607
728
3283
9183
3785
9877
6497
9678
6718
5697
7580
4313
3715
4518
7906
6425
1556
8644
7390
4973
6001
9271
1728
1248
4233
2336
9583
473
1426
8720
9682
7544
2473
6792
3130
9537
1173
7293
4774
2161
8613
4563
5460
540
2961
1619
2502
7298
993
1832
2700
6118
7234
1940
7216
2363
3542
2574
173
3362
4934
663
1147
2990
8074
2652
3985
5569
2413
6058
6394
9726
4396
9819
1314
2231
5981
9686
3392
1658
9114
5703
8837
7304
5058
6445
1163
5278
8546
2043
438
4820
7568
8877
5925
5240
7243
5541
1804
6492
2646
389
1504
2731
7482
9571
8383
9659
7403
7351
5695
9652
920
1906
4534
6593
1885
4443
3588
6813
9020
7306
2478
8828
3250
5763
4600
8730
2787
2504
1586
1974
1587
622
1640
907
7785
1336
7638
2143
5380
9036
6550
6287
3779
8160
4921
4622
2610
7437
3224
9047
8559
7086
8766
1378
9214
7604
7116
6821
4602
5312
5147
3798
327
3500
6089
8752
6116
5817
6141
5978
8244
9062
6909
5532
7679
9538
5340
5455
9565
603
2276
4209
9236
5352
7894
2851
808
6145
7651
2150
1708
2282
3183
6895
4067
1552
1789
3899
242
1786
4832
3317
5487
6478
5735
5177
9029
5231
4983
2853
6982
7634
8948
3954
6836
4972
694
1574
8441
8692
7207
5102
3262
8436
8867
9501
5953
7821
7704
2128
1259
8980
3973
4556
3322
6663
6223
3001
2368
864
7311
8839
3808
3441
3680
9504
3516
4800
9945
9662
8064
6712
6766
6545
6874
7420
6588
1683
1297
6857
5340
9719
4741
4323
8432
8618
7690
1877
6630
9205
4702
9391
6978
2828
5895
6088
4952
5500
3978
740
6178
1900
5865
2856
4824
8543
8759
7625
2233
6539
9264
5024
3771
4288
7864
3455
7498
5105
567
8681
1344
762
1634
6522
7917
1372
3405
9971
8147
7630
4502
4596
4784
3310
2415
9318
361
9661
1406
6386
1216
1857
5381
2610
5460
4289
6716
8512
2211
9199
353
4861
6076
2365
3440
1193
8702
8572
9375
9668
6143
743
1654
5657
1191
4727
3754
7370
8719
6504
4961
6809
8154
3232
7765
7642
2967
1982
7356
3263
6035
2936
6249
7930
8285
9946
8247
6140
3180
6615
8297
8011
4741
5197
7138
1392
9181
3516
5096
9348
9614
8035
8993
2867
913
6182
4471
5987
4587
2782
3614
3041
4327
4670
4154
5546
5292
2460
18
5024
2468
2403
3867
1617
9538
358
2877
3520
1751
7759
2609
9433
5563
3684
4256
4039
8692
5074
107
5867
1166
6466
8208
1116
2392
86
1224
2709
5496
1142
4472
7377
8501
3198
2626
2155
2096
3776
3300
664
960
3920
1452
5239
6894
8186
3776
3680
2680
1249
1889
8379
2861
2259
1697
9355
6877
4954
7974
7165
8238
1902
1054
253
2336
4070
2624
7528
2427
9923
1885
9748
4400
8409
4709
8737
4956
8817
9594
5576
8275
9585
6376
1698
7429
4925
4224
2112
7510
7437
9749
6168
4784
5362
1342
3144
2662
2559
9713
9669
2815
9180
3486
1914
7330
1493
4914
744
8069
6832
5948
2321
2787
3492
6356
5211
6650
604
8991
5709
2904
106
5213
43
9593
9450
8796
1532
7409
316
320
4364
1577
9912
5673
5731
1674
8026
2229
1279
3590
7262
7596
5377
1328
813
3642
5038
9397
2845
540
208
855
3499
8071
6553
2795
2799
329
4755
229
790
3227
4793
7312
2844
7649
4636
8237
8082
6614
5789
9782
4407
4501
7989
7144
7353
2801
3876
7991
2325
4373
4146
5147
5557
7701
3536
7001
4191
6364
7868
8281
3978
1420
3913
713
7336
5237
6850
1717
1338
9097
3432
6743
5614
5125
5984
2115
7392
199
8323
6175
1411
7856
5558
7234
3101
5409
6543
3937
3521
5448
7965
3499
372
2534
6098
4741
5536
3860
4772
2600
238
6886
8815
8890
4023
3814
3986
4249
6445
3615
124
3541
8626
8395
7793
128
2199
7420
657
757
5715
8534
6593
9974
4497
5177
3079
4480
6651
6696
2750
810
6519
7392
2261
1913
6857
5366
499
4447
2949
575
2479
1231
8973
5378
5432
1442
7778
1775
2059
2324
3141
6187
1893
3769
5516
2691
1925
5891
4932
8809
9340
7633
4335
4645
4770
800
764
7305
1801
3683
9017
3990
5992
8045
5921
908
3945
817
4846
5228
2506
8015
7627
2340
9233
1901
692
2581
8719
8345
9750
3389
7536
5275
4670
5997
9915
678
2625
696
2390
4589
6978
2149
5377
172
6799
3337
755
6125
5885
3572
8144
4502
7999
2003
7164
5650
8103
8684
7796
5105
130
3525
5401
5065
1239
5759
1293
5792
4142
4064
2519
6666
6398
2542
8916
2743
5573
4717
6624
1304
6976
1395
1090
9302
7140
6134
5527
9610
792
4179
7850
3321
6346
4844
1000
7192
1997
2303
2278
9244
53
6749
522
3060
3321
355
6396
8409
5168
5891
2659
7517
2727
7580
2244
8733
1243
3110
2227
98
4611
9549
4802
3796
1542
3907
7333
7787
4176
4075
8895
2190
1858
8360
5780
7480
6569
3150
140
7664
369
1893
775
2323
3725
3764
5250
2475
4098
8911
4516
6637
3690
490
8311
660
174
2350
4183
7370
6262
4278
4499
9848
240
4726
3096
9426
5789
1755
4522
67
2880
7130
689
3056
45
1426
3118
3939
1594
9558
4516
108
3617
9328
840
6275
1239
9917
819
9817
6373
8665
174
4370
7508
4112
8929
7468
5211
7130
9761
2541
5739
3789
2703
6796
2248
5376
633
3439
5930
5709
5529
8603
944
6296
2873
5321
3316
9207
9121
5951
1587
8370
3473
9826
7192
9409
394
3344
2490
6623
555
9264
1143
1039
2469
4321
397
224
741
7858
6202
2673
1242
3269
3539
4237
6340
567
2947
2263
1250
3747
9062
6183
4548
4055
856
8589
5874
8031
5358
6807
6049
6854
6816
4122
200
9592
3303
1056
5932
2773
6988
1724
2593
9929
1260
1995
320
7612
6035
5991
3100
9534
1093
9053
4917
8391
9005
8558
5345
9841
7272
4822
7548
8486
9439
7513
3563
6398
9276
4177
2010
8886
6848
7371
6749
6554
6387
7423
7821
9003
4494
4902
9761
8761
9267
1746
9281
9015
3573
2507
6461
3232
6680
3874
9332
77
9787
5568
5305
5119
5396
9326
5579
3435
3069
2086
2226
6607
1729
5988
6972
527
9559
3101
224
5408
4736
107
851
351
3506
669
1354
2762
760
9454
6858
2580
7350
1311
4002
5331
3721
2802
5347
7914
7333
6437
1128
3987
6557
5597
2319
8430
8297
7319
4042
6296
4160
7517
549
7028
9605
5766
9397
2274
6859
7830
8359
8562
3598
5151
9844
828
4418
3739
8806
233
6064
3691
8373
1514
1697
8033
4025
9469
7585
8436
1271
9556
3502
1929
7258
1244
7994
9910
6691
5893
4626
2506
9277
160
3956
5277
2949
1491
7678
5214
2805
7220
9681
9628
8821
662
5947
9301
7738
5076
8192
1771
1661
3575
3321
1654
2597
7102
4591
5178
8230
1472
3984
7790
1164
1642
6830
1645
8023
9908
6983
3271
3566
9121
4295
2181
3709
5808
3895
5544
6293
587
45
8315
259
6388
2844
8354
9134
9407
7415
2035
3869
8177
5529
6162
6900
3258
555
9594
2765
2598
7742
3845
2984
7508
31
7089
7993
8517
8279
5505
3631
5953
9475
8622
79
9600
6147
8286
4749
6595
6270
9505
1244
9120
4527
8809
6468
5580
1521
2668
9631
446
561
6268
9317
8403
5232
9864
2152
9050
5476
1952
6029
8415
1876
5145
4752
3671
2272
591
9134
2899
3517
9183
4500
5906
3909
3051
8998
7730
245
8872
8217
7777
8659
8948
2910
6943
2826
2366
243
5172
1231
9751
3393
3351
8345
5052
7031
4679
6414
8607
9689
6893
6248
3747
2992
5269
1240
8278
5096
5258
1448
8694
455
9110
4585
3168
2480
7646
5682
6358
5666
4483
2175
4925
2782
7530
521
5088
4218
9049
2180
6499
9013
4080
3857
5510
8453
1038
6200
2809
1861
7297
3751
7978
6894
9076
713
4994
9356
5503
3583
2492
1538
2928
622
3589
8224
2497
5160
6566
3826
6517
7667
2212
6835
9605
825
5189
1580
260
2279
1160
9514
1730
4778
4054
1495
2778
2418
3779
7090
375
9954
2297
7973
6196
3065
3298
8400
6268
2041
2328
1552
540
4282
2386
288
4068
7382
6935
1576
1105
4187
4096
2620
7255
9604
8449
5081
7776
7099
4018
6739
6707
5399
2392
2238
9143
4503
7631
7444
6022
2276
5418
630
9242
1719
5509
2899
717
3944
8584
7309
6882
4987
8352
1731
8186
1892
1390
2530
6009
8917
4404
2009
4911
5023
9032
3351
4633
3733
8421
4785
5854
7135
4899
4225
8426
1742
7145
9814
6022
8260
1557
9996
8104
6373
6341
8036
8418
4804
1134
6478
4128
1639
4308
6437
1392
1793
3712
5016
7723
7741
4355
4429
2074
5031
8657
3578
513
5200
3321
289
4555
5489
646
6802
4131
8484
1473
5998
5463
5604
491
5192
3345
6231
4337
1779
2592
9867
9593
4133
5525
9830
2570
1709
2452
9454
5596
446
1098
2198
9348
5028
9608
2918
9924
5394
4039
97
2868
5926
8017
8093
1708
9106
8247
3177
6541
9139
3495
3491
4050
7302
2321
270
6334
1016
3397
3724
5287
6301
505
5387
3626
3792
2493
1363
7775
1259
3052
387
6864
4759
1568
2071
3068
5994
4004
1519
2112
390
5519
9779
8919
8431
5736
3855
4992
5420
6077
9835
4036
220
1662
6231
9393
2505
1027
6923
1550
8177
5693
3621
4380
6777
897
8183
9538
9693
1855
6844
8105
9705
3487
1389
9704
5611
4188
5901
5656
1838
5227
9221
6877
2358
8893
6802
3433
4850
9755
8143
7184
3627
5421
255
3854
7171
8521
9178
1338
9609
7107
7057
6857
2788
1258
9250
9134
9754
6535
258
370
5069
7529
4223
1516
2568
53
3086
9240
9174
1896
681
15
1290
3099
5290
7046
4237
1266
8861
3916
842
5881
4044
7040
8286
6716
8932
2205
489
1621
8669
5240
2664
4483
9789
1070
168
7378
1249
9807
4495
2913
4675
8433
3694
4050
5998
3259
9057
4799
5931
6364
9054
1320
8466
5467
4609
6001
9544
33
5363
7608
3541
7862
9165
4599
1144
1795
2324
9643
7166
4057
5460
9953
3351
4484
7774
376
4888
3414
4312
1518
1716
5014
1691
6097
7964
1424
4463
4837
7535
5408
2018
1910
6924
4180
2113
2913
1308
1980
7814
9914
5055
9882
7646
4519
9280
4737
4922
7903
7591
7987
2737
4499
4167
6686
7245
4346
4366
4660
5318
268
1920
2919
7507
6030
9822
6897
2395
295
2259
2843
4045
9779
1516
4552
6261
1946
4669
7068
3973
2568
6404
5417
5253
2070
3568
8216
7871
4166
5973
2841
8382
4057
4747
4388
5125
3891
4361
1453
7917
9477
2646
842
9481
6455
7057
5811
4249
8130
9049
7251
6696
1176
1382
2864
4574
7422
5210
6106
9029
1536
450
609
206
5797
141
4162
5134
5093
6383
9601
5525
9589
8911
5392
9843
8972
4733
1083
6029
70
2500
2339
2330
6062
7225
7724
2213
4029
2835
6542
3557
1186
7283
1006
8348
7185
9414
9039
9454
7067
5680
4367
8751
4224
2029
1332
7260
3012
9968
2780
3762
6634
8454
8606
9211
3533
3245
4182
1252
5462
874
7007
7640
9932
6119
7241
9386
6254
3639
7825
1050
5637
5585
9295
7731
8865
3555
2363
5363
9899
8983
5089
895
5126
9689
7656
5580
686
8623
457
664
4133
1903
7868
4437
1970
1894
1825
1542
1048
6404
4473
929
3357
165
1202
2459
3801
3137
5965
4937
3171
6577
9614
6310
5015
8176
6923
2924
467
7483
1432
4103
379
4958
3772
6259
9824
4836
1489
957
253
7983
5472
9082
3447
5172
5737
8233
6257
6934
4476
6606
902
1779
2583
1112
4452
5906
9844
3270
6814
7327
2894
7237
1785
3681
4437
5475
8702
9419
5663
4653
1913
2747
9255
2996
5016
1964
8906
9850
8727
3530
5080
7532
9981
3649
7848
1588
6465
2714
7296
4808
8160
9519
7789
9262
5013
6318
8061
2321
989
9231
3981
9968
3052
5515
4401
6244
5632
6045
411
4017
4947
1499
7206
881
9885
5252
6423
219
1778
625
4786
199
744
7001
7809
2896
254
1278
7639
6444
7039
875
5956
5878
2350
7668
6389
339
3649
2090
9158
9190
751
9233
6402
8898
9974
2412
3261
1688
4829
630
5457
6487
759
5016
392
5380
766
9595
2800
9906
884
7818
5148
3566
4254
1671
5612
7078
9913
8275
2791
9881
6408
3232
2910
2938
7273
4080
5556
8482
6414
7723
5981
9247
3500
5382
9809
3011
2600
157
6030
7543
546
3855
8322
9522
3543
7834
4701
5750
5934
7175
9191
6760
7046
5799
9174
5495
6257
5658
8948
3568
437
3092
85
3657
5044
8220
3357
3731
2563
3174
4075
2162
7070
7719
7629
8299
3212
8132
3818
6413
4204
9089
2164
4921
5097
9220
2266
4795
6853
2061
1711
4829
1337
3217
2621
1567
9459
147
549
7418
5748
9827
2999
6230
1689
1853
4821
3180
1797
7195
7119
1335
3175
8821
7374
9522
6045
6087
595
8739
1162
651
6170
2000
3200
3956
9725
3215
8249
1400
4197
8138
3360
1243
8141
8086
2656
491
8269
8587
3556
2932
6397
5219
6450
986
6100
5621
5014
973
56
3499
897
4264
1075
2206
8192
6256
6147
2274
2129
2454
8104
7803
8881
5458
3058
1414
3159
6212
2068
2408
8359
564
7875
9408
585
5900
2214
7668
3743
9062
4700
341
5594
852
308
3651
1806
5482
2512
865
5295
2073
3693
3822
3759
3102
9608
660
9879
6269
2528
3158
9818
789
2118
3336
6953
5847
1711
444
5368
4654
4812
8284
265
1034
9784
1727
6900
6274
4828
5005
8191
6462
8152
4818
7776
2395
6662
1203
2246
1160
1425
5635
323
7007
6521
3866
7278
9898
7209
214
9583
4496
8374
2693
2722
9631
6836
8756
7245
2548
7789
4309
730
3351
6798
8690
4727
9317
295
3920
6127
6591
169
4152
9649
878
6320
209
3917
1663
598
2714
6159
6254
7894
8658
5436
889
3021
4693
8732
3929
537
2550
9834
3045
8593
4934
5601
919
8216
3710
6208
3956
8706
4242
2015
2862
3183
6035
5253
333
1515
7357
1272
6788
9660
2743
4070
1982
5938
4151
8522
285
5134
122
8288
6571
9380
9171
3747
6905
4947
763
5619
2736
8387
5819
8494
9352
6071
2827
2597
7651
837
8688
8407
3403
8678
2424
3457
2071
9107
447
7016
8781
2559
1572
7418
1610
9972
4980
7210
1012
1819
3315
7022
7938
7420
1067
9107
6601
3449
3164
5355
5636
8272
6214
2622
9468
6317
9283
6857
7883
1194
967
5217
8442
6590
1140
8716
8933
7599
7181
8777
9306
7049
8880
2274
9431
6418
6241
789
4463
9208
1912
7485
6851
1479
1723
4797
9751
9031
6809
1241
370
344
4492
3197
6632
73
723
2433
256
2005
1297
5051
3217
1339
806
7555
8716
4818
7830
6550
9013
8638
9893
5706
6231
7271
2839
6941
8014
4503
766
6837
2883
9816
3653
2404
8210
4623
8911
8888
9340
4104
593
7252
3926
2716
2366
1291
2645
1964
1238
3569
5735
9597
4580
9077
5540
8267
4319
9734
8041
1689
8234
3687
5621
8933
2397
7670
8603
8738
4224
1648
6134
2696
4738
7171
4863
9388
8849
581
4864
8412
7636
3348
6491
4163
1317
3702
916
1514
6254
1572
6565
4803
9274
6786
9852
6065
8017
3471
478
4626
8164
2394
6969
6141
5134
5368
2917
1147
9381
1378
7261
3907
514
841
530
5260
5243
9076
3130
7750
4534
2865
167
1438
1257
7644
4314
2998
9377
9698
9729
6465
1647
7508
6862
438
1857
5627
7424
9601
7628
2945
6059
8108
4670
196
5155
1208
2201
3306
1859
7168
8965
3236
7317
5742
4822
3822
6436
417
916
3083
5923
9581
8002
7843
805
4323
2633
7412
1851
5541
1485
2339
8380
2507
2414
6568
9055
3733
3689
6272
8592
9490
6854
1373
1768
2184
8219
2452
5892
8143
6238
6671
5665
9209
2286
1582
9606
952
997
2197
3471
7814
8984
6523
1862
8803
1597
8650
9895
6586
6860
2885
5545
5005
8573
5938
82
8157
5835
4824
424
681
3482
5826
8265
829
5700
67
6039
9312
7856
4118
4165
3534
2240
2736
5474
1935
5187
2272
842
6165
3100
1882
7891
6928
5452
6197
6045
7390
7460
5342
5038
4034
7631
4012
9963
3164
3009
2182
3413
7921
5524
9271
6863
2946
3452
8154
1898
250
6707
6204
6853
5764
4657
1450
5258
204
254
4752
3192
24
6167
7450
266
1962
9358
2357
9702
2141
4469
6696
4247
659
158
6884
6904
761
9547
4217
3588
9284
294
4156
9121
8983
9106
4457
9715
2947
3714
7330
2357
4764
2264
8626
6496
2071
7669
1980
3514
6693
7503
4823
8037
2020
6301
6353
3356
9043
8642
9808
9868
708
5561
3777
1218
3247
7038
9519
7780
281
6557
1825
3144
5931
5968
5156
2577
3253
8081
7619
5321
4887
8646
725
1318
343
3172
8611
9511
6277
1144
6875
4146
9705
6652
5567
7459
4888
7846
6243
9831
8074
8111
4299
9811
9187
1973
2539
6615
4608
2972
2017
1197
2167
9876
6280
740
6591
3933
1809
9462
3545
2789
3171
6881
6429
5168
6174
6216
4625
9534
5144
7355
8584
5373
8410
4613
7117
3852
1405
6870
3302
9153
6112
9584
2228
3868
2711
7096
6951
4967
2336
9576
7748
9183
3075
2476
5003
5861
396
2027
4756
953
3241
3556
624
1937
3223
2433
4151
6729
3119
4594
172
4722
2052
5500
7195
1010
1606
7994
1056
906
6192
4306
2589
4783
8527
7722
2047
550
2726
1665
1889
5981
8387
2282
7743
7909
3927
5141
6322
4140
8858
5302
6337
2745
5995
9840
2530
6807
9029
1536
1229
5586
7299
4371
790
9391
7342
5981
5483
9492
926
3740
9521
9145
1178
6764
8004
8838
9379
238
2083
8803
4585
9125
1688
4516
1548
5284
8174
2533
6906
7322
5342
5575
9177
6122
904
8770
8329
6636
2006
8639
4265
7701
1209
2374
7041
228
6277
2273
7142
8840
114
7574
3314
5010
2844
6295
8472
8782
7073
492
4951
9935
8199
8878
4404
4394
4383
3102
1514
8515
1766
2296
5726
7277
5702
3422
3325
5479
160
5708
9657
9013
3874
4706
5785
8209
1984
895
6981
5085
7424
6437
7317
6652
887
4501
8460
8344
7081
3063
6023
1026
9746
347
1068
8172
861
4203
8738
7940
7535
3765
47
9500
3068
9450
4820
3067
1803
6430
3496
2688
3481
462
8684
9957
3170
734
9464
780
1966
8060
1426
7538
7531
6472
4595
2869
9490
5946
3689
2583
6589
3167
6988
1995
5995
8430
9580
884
8895
8805
6213
1995
426
9964
4450
4885
269
3990
5851
8567
8424
4933
940
8251
643
9078
9414
4900
7239
2964
804
8002
7493
4112
227
2464
7502
9201
1121
8664
1017
548
1961
2627
7395
5058
2072
8330
5560
4172
3853
1546
5964
9243
3007
7719
4275
2315
8361
4877
2065
6141
5872
5944
1159
7060
4264
3523
2644
8533
245
3665
7678
3284
1938
8219
8470
456
9276
1766
6463
8051
195
806
2733
6254
773
7390
5571
2522
3908
300
4058
8736
5914
6271
980
2740
6314
1927
4484
5877
6333
3044
3601
6156
9277
8465
2574
3646
8080
5466
1637
8443
759
6107
4345
5145
1816
8834
3914
7664
9122
9561
1258
1205
454
4740
2243
218
7272
5473
3097
2647
6342
567
9843
2655
2372
4173
5694
3776
9413
4236
8295
1385
9403
1873
7245
1632
5278
2145
634
3897
7864
155
2520
4348
5708
9306
126
2506
3736
9298
4942
6051
3571
2499
906
7443
3742
2587
4164
1183
878
7203
4522
903
8313
369
5366
4372
4204
8179
1730
6668
1350
3416
8666
2003
9158
9982
4609
8906
2730
931
3212
9436
7847
7998
1674
457
8257
2227
5497
1527
9476
4041
1126
10000
6647
1063
3455
8791
5168
6998
5755
6242
7461
4281
7862
9254
2565
4464
7470
9062
5085
1355
3808
8899
9690
9134
7681
1372
5758
1355
2448
2800
5940
84
3465
1093
5765
4480
4507
543
8042
1958
6397
6532
7011
6451
2706
188
7852
7159
8666
4967
7693
6946
7719
4448
6923
1957
8086
2044
3108
9749
6985
530
8011
7468
4107
7
565
9034
6616
7619
1417
7249
3451
1134
5859
3081
3505
6131
2422
8786
6909
922
7730
7100
9976
9947
7272
5109
6959
5963
5001
8971
9647
4564
8083
1858
6998
5716
9877
9814
7616
6788
5756
4232
9201
8493
4495
1233
6986
5974
5459
2082
907
2855
7871
9032
9341
7159
5313
2646
5122
1731
2793
4239
9398
2406
3963
4522
162
8458
1522
4034
8181
8798
8491
2817
4851
9855
1674
5771
7421
5716
4839
1674
692
4171
7599
4743
4196
1760
2102
3508
3924
6218
7954
9945
3433
8514
5611
3119
2304
917
7566
7183
4490
7875
8879
4357
4898
2099
8704
6171
160
2288
8938
1056
1922
4117
9692
8835
5482
6811
2183
8815
9913
3817
8242
8458
8594
3103
4828
8270
6677
2327
6873
1781
8425
4842
2212
7150
5762
9362
1386
2301
2370
4048
2387
1657
9887
235
8497
1275
12
4763
6430
9915
3783
2040
4485
2388
50
1512
5202
1762
3590
459
4771
2663
4298
3473
8890
3824
7723
4304
1425
5650
7213
1561
7234
4565
9436
2609
8867
5535
2426
6240
2709
7967
3460
9616
3253
1957
6380
6353
8623
5619
7113
480
2948
564
728
7223
5885
9568
9714
2898
998
8143
9463
3097
5944
9776
8110
6632
3068
3953
3906
7434
674
6029
3217
6114
3097
2552
3432
3033
2714
1487
3876
898
4750
3082
5753
5035
3610
8118
9970
8441
4681
9705
7941
5578
3043
8852
1008
8620
5
849
2657
9307
4486
5393
6101
169
8173
8327
517
8770
7457
6646
7994
3163
4568
3054
1157
1106
9307
7541
8576
9755
299
7078
2933
948
4748
4443
226
2542
8486
3333
2594
2616
5022
6707
772
4962
4679
8703
7958
6219
7052
8532
2464
9916
3895
9342
5286
8085
8413
4712
2897
8205
8814
5222
7144
2825
4520
3955
775
3631
9812
8112
8390
2357
7013
9188
2210
995
2454
3575
451
1351
5269
769
6927
6749
1207
5045
2765
1586
3994
634
248
5433
646
7921
9304
5428
8041
1422
7360
1578
1942
9180
3236
9315
9951
330
5324
2733
7999
2621
7997
7928
4762
58
3795
8180
1706
3126
4744
2722
9602
423
151
6485
6648
1559
9837
5095
9727
1138
3892
2828
9645
9829
8280
2298
2843
528
9505
245
3329
6586
2558
6930
4511
2924
1375
236
9082
3336
8673
9148
576
3937
3265
1059
1271
4126
8066
585
6771
478
7907
2750
8838
9481
2101
9006
3919
8435
520
8566
2046
2400
7433
5312
6372
11
1119
4136
3026
4720
5587
1851
1677
3227
5710
8
2437
6733
9709
812
7404
1061
1700
168
4843
9852
4244
2303
5766
9632
5128
576
9050
80
5459
7493
5770
9945
2735
9903
2078
1677
6643
3841
5097
899
8726
5338
5726
6060
1004
2820
5067
4207
4965
4795
546
7114
8594
8541
1738
3030
49
951
9416
5276
3475
4580
1943
2613
9945
7240
2928
5429
2282
4975
5645
1369
6633
225
9637
4909
5144
277
9116
7047
7957
3077
7627
7036
8801
6864
8202
1600
6317
7335
7808
4963
2019
5048
7714
3545
7819
7950
9597
6173
3556
8363
4360
1792
8042
6749
4182
685
4614
9836
8668
2357
9661
5888
4852
1020
9999
3072
7258
4151
778
756
1659
4791
6888
9083
5895
2533
8516
7838
5802
1708
2084
4794
624
3855
1779
1156
6120
9169
2001
9045
3213
4640
7489
1123
8119
6171
4843
5895
1385
1975
329
1516
6216
487
5903
5927
2656
8281
2261
1427
1351
1387
1423
6119
1495
6004
3170
2407
7210
8463
7348
9172
6389
8178
7090
1983
5131
4704
6038
6089
5255
8551
5793
6103
7080
3948
1105
7122
588
885
7659
7897
2054
3824
9369
4142
8704
3077
8721
1435
316
2292
7855
8264
9063
5438
4339
3686
8800
7604
4593
5953
6792
9316
1672
8855
5951
9700
2218
571
9485
2774
8828
9824
5936
6737
1373
1869
9803
9530
9768
8755
1577
8498
1849
6614
435
6646
2115
7721
5783
8190
183
3496
7443
2222
9458
4659
3381
8192
9431
5180
3483
9962
9067
8513
3895
2384
4161
6803
3505
9611
9601
4502
6665
1120
5637
6911
9615
7023
354
5333
5208
6136
3934
795
9825
2998
1399
6824
1247
3749
7388
7380
249
7766
7634
4399
517
3254
7118
7819
9959
4627
6603
1875
7615
5193
6835
9609
7410
1261
7795
8255
8714
2835
6957
4374
3154
8432
1363
5512
3500
8618
5343
3572
9700
2339
4748
3645
7105
5742
8051
5878
8670
2715
7413
7977
5239
7196
7505
7644
6645
4148
4698
7690
7858
8915
8797
6367
4405
9776
5628
9586
1704
3777
7542
829
9448
702
1020
4782
5452
8356
9580
5945
363
5835
8679
6902
723
935
5251
6217
6232
2313
770
9422
8549
5733
3222
1358
934
5853
7328
3286
5237
5598
881
719
4607
3932
8314
325
2304
3601
485
8439
8633
5762
872
4731
6683
8455
1590
2317
6262
3315
7281
3401
4005
2602
3517
760
2432
9533
3977
7646
6259
9113
8966
9997
5305
8306
895
3136
5122
404
4662
9719
7746
8375
7418
4548
9716
1633
1686
3518
8572
7912
5661
7992
4993
5933
6236
4471
6260
1405
2976
4731
6783
1450
826
507
8006
456
3157
6427
2017
3873
2092
1626
4077
2432
5328
6409
4627
8052
6126
1833
6119
1953
7440
3510
1888
5814
4450
1891
4739
3304
2710
720
4450
1644
8889
1455
1937
7554
3351
6120
1828
8082
1897
4286
8150
3187
8485
896
1351
3006
6017
5113
9315
1268
5356
4253
2078
3069
8702
6166
2528
3752
4271
6460
185
6145
2587
4520
8776
5233
3106
3720
2012
2909
7034
3234
3319
1249
2967
7608
2033
9932
7844
3388
8747
4630
1898
618
8748
3629
6068
8834
3946
1309
9366
3664
9493
8269
3876
3677
5606
2261
2365
8199
9825
6127
5616
3644
7049
7145
7885
6368
4054
697
8213
3776
5915
3443
4894
4447
5315
8238
2038
2765
6708
7982
6691
921
4735
817
2036
6560
5747
9096
7782
1062
9296
9511
1024
9965
6293
2826
7763
5480
5312
4113
1397
1094
7098
1895
6950
2626
4129
4818
2961
1139
5020
9919
6206
4422
8246
758
1721
9262
7313
8957
6942
807
3540
9995
2955
3226
1584
7121
7299
7463
2538
3788
1489
5847
8848
8609
5517
2201
5001
2468
7371
3394
1276
4016
6171
5030
6224
8268
3297
5401
1105
7764
1127
2242
4507
6356
1206
7975
6420
7518
42
6887
5400
768
1009
8256
1481
6639
6672
8538
7318
6154
8457
6068
6766
3308
2108
6822
2438
4831
7511
3253
2003
5893
1455
3179
5744
7277
8336
2351
8301
7050
7382
6948
6494
2664
8748
7975
1377
3466
9441
2227
1774
6254
134
9410
8149
4989
1819
4621
365
1922
4648
2853
6026
1909
1087
7338
3764
5586
3294
8055
2758
4772
7471
2021
9873
6928
2144
2878
5308
185
6062
280
2046
2924
360
7102
8794
662
2259
6376
9442
1453
7111
9641
7836
6355
2202
4460
2472
6499
3753
5582
3971
8404
4846
6337
8975
4585
7366
3027
7097
6714
3245
1627
9342
4728
5900
8560
8217
982
628
3433
4999
2766
9530
9612
150
756
5915
5352
5168
66
4054
4099
6764
4639
9776
6054
4877
9638
3370
5538
203
555
2955
5528
382
6475
4803
9736
6490
4369
8254
6149
3609
3603
9919
547
9947
795
3824
9740
3680
2239
7973
9929
4098
5808
1866
2506
6800
626
2527
6004
4332
1261
4206
4807
481
5441
8648
3080
1157
1106
7349
8556
1379
738
3397
7635
4547
6344
7068
6926
1541
381
9067
6132
7167
462
4592
9801
4457
6030
4615
97
6478
8452
6608
5439
4096
8668
7834
855
6446
9563
8556
4693
596
9140
1889
2261
2581
9621
9281
9111
84
7615
8618
5550
4909
7103
9144
61
1803
8932
8578
1394
421
5165
8490
6249
1806
3815
3448
3639
2821
6177
6851
9213
7483
1614
1597
2318
728
2683
3360
5563
1920
4320
5407
7280
6241
9832
9826
8204
1945
4773
3326
3010
7217
8899
3088
2223
7190
7145
6677
1001
7141
8252
663
6289
7695
6160
7725
31
7825
9880
1246
5441
6644
5371
1389
6684
485
5484
1148
3842
9232
7226
4445
7542
4909
1647
8715
8719
395
2856
7790
8020
3532
536
212
2004
756
1239
6096
31
9035
8892
6261
7004
4647
6887
213
9510
5003
48
5709
823
1890
8536
540
5883
2622
9298
8437
3428
6336
8073
6092
3723
7045
1267
5820
3353
1247
713
1656
5580
4024
9029
145
3698
9334
2446
6275
5846
3598
6425
9389
6854
9266
2663
4379
834
8970
2143
1511
1024
9953
5553
7061
9754
4980
4275
7193
607
7211
5111
7921
8767
7327
7411
4450
1155
4583
2818
453
979
6217
6832
874
5925
7790
7011
7777
9150
6335
8335
3066
917
4416
8752
6640
8642
7501
3518
2762
173
5946
3809
6228
7243
5750
4826
7233
1707
4964
9132
2985
1379
2380
4765