5979
6105
4802
282
1662
8106
6070
8860
6913
4309
720
26
9436
2376
462
4214
981
6984
3240
9011
2754
7404
7263
8858
2559
9137
2181
9701
7361
6516
4182
813
7833
412
6866
5605
5966
5176
9823
4422
9631
5827
3546
7709
3040
1309
6559
6555
3497
8948
7247
6330
309
8450
1800
5652
8845
5539
750
9929
102
6215
5811
7137
6903
5826
3435
4726
638
8120
8453
8876
8303
4221
4942
8382
1072
8172
8147
3516
2441
2801
2612
1191
7833
8085
921
7340
9560
8359
357
2071
87
148
8185
7485
7128
80
9913
2118
4222
3353
4763
2167
7452
8567
1447
1549
1201
5492
64
3739
2562
3373
2949
7428
4373
2544
7417
6304
8170
4947
3298
5464
7741
5562
8071
2516
3867
1420
7974
8754
649
2884
517
3451
4444
2878
1259
5442
777
1585
9992
2592
344
3380
3077
9264
3804
1280
718
3988
7811
2849
6056
1385
360
791
4362
1112
1658
8307
2678
1888
9076
8475
1452
3280
1472
5754
9207
2006
7126
4989
7560
8036
7818
371
5555
9103
7784
7273
5352
1161
1238
8665
9296
1150
3969
3052
6878
9762
3754
2746
5259
3868
8579
6346
4282
4719
5902
9056
6057
854
9698
4229
8958
6919
6607
1005
878
2915
8420
1741
7813
7872
9391
2261
9213
1458
7942
7350
3359
3587
2782
1889
1746
7599
9870
7045
8294
7262
5068
9254
9396
6384
8852
2322
6997
2081
1919
8073
7378
7384
3539
2966
3714
968
4370
1359
3529
1802
8833
418
2737
9134
1279
288
4016
7104
5243
123
248
9353
5017
4486
4347
509
2832
1201
5110
1000
1543
1958
6385
2647
8766
761
5522
9820
278
3351
2151
3460
7607
5285
9465
5003
6799
6760
9223
4431
8742
9191
8031
6396
5771
7764
595
7338
7990
7493
1071
2151
2480
4866
8550
4794
4960
6859
6319
9392
4027
1443
4774
6589
1800
2698
5478
1103
4180
2416
8908
9575
9218
601
7654
2545
8643
3908
5592
3940
3089
9634
5146
1743
8748
2153
1912
8952
695
8828
4643
6783
4699
1495
387
219
352
5690
1911
478
4024
6265
8764
8269
3300
4675
8345
7334
5855
3603
3256
2224
2571
9914
3135
4486
4269
1161
7460
4025
4098
4955
6198
3189
887
6065
6501
7424
868
6988
6125
24
7743
6157
1048
1721
6971
5243
8514
1299
4913
2952
8110
9654
9652
3227
8660
8753
649
5003
7728
7632
4715
3716
7699
5939
6112
2279
2350
352
8241
5370
9216
7681
7963
1267
1987
8869
438
1836
1645
675
1182
281
6248
2536
5066
9025
921
3902
1354
6292
7492
9152
7729
6430
3665
412
6259
6374
4932
8473
8779
5111
788
9616
3912
3163
6431
5923
1427
9149
2043
8906
5957
2249
5519
9759
3472
8381
4675
1275
1923
8343
683
9719
6209
8386
4454
3888
5925
2218
639
8888
9374
9081
2589
5117
3443
4683
3614
6007
3932
7012
3778
5216
6763
9775
6237
7523
9588
4503
2676
9158
628
8930
1174
7361
7842
5757
138
1523
7187
9355
1311
7695
5335
3746
8821
302
3894
40
9839
4498
5252
3806
6459
4888
6718
3609
4085
4092
4247
6669
8242
1806
4682
1290
9974
7368
8726
3829
3327
7440
7552
9385
2497
6869
1438
8575
4420
1405
9085
1600
5085
3144
7097
4707
747
5914
2034
2680
998
9227
6243
175
3679
536
4387
3858
4145
3777
3909
9857
9901
8015
7105
3205
7270
3558
9577
7123
6014
2911
1763
5348
4433
813
814
7081
9174
480
5872
4829
1716
9108
547
782
6596
8850
3856
4614
7500
4636
2278
934
3047
500
7623
9211
6942
1899
2035
6760
4850
8312
4334
6262
5034
6953
4007
4157
584
3757
2973
3756
1391
1476
3866
5021
6889
3355
6202
1088
9590
7657
7238
8452
2079
2538
2902
7392
2941
9998
7749
1744
4180
7237
5598
1924
1236
6932
1975
1841
1782
6549
4883
3693
3652
7563
8579
7487
9490
8804
1450
6185
1374
2261
4236
1905
8388
7300
2909
3852
488
9896
1580
7942
2209
7285
5215
2655
5563
330
2027
3774
51
257
9790
3054
8027
8367
5585
8496
4793
8426
4992
2619
2046
8047
7012
5141
9891
4635
7206
4474
347
3755
8567
3157
9941
8559
5333
8980
4445
3032
8269
6908
5885
4264
9219
93
7177
7591
2483
1764
1809
6170
7082
7129
9710
1654
2903
6939
1397
1027
7858
8309
5208
7367
9917
5007
8541
5672
6789
2392
3770
622
8929
1524
4692
9671
8058
1551
1968
5902
9107
9160
3033
529
7576
4754
8751
9175
6174
226
2478
962
1233
3510
9441
1727
3965
3463
3371
1643
9506
5290
3293
8427
2500
9562
3767
2130
1512
5733
661
5038
7860
863
7378
3829
5983
6436
9794
5943
2859
3529
6955
6170
4691
4094
6649
2070
8141
9589
3294
5023
4427
9419
3286
9465
8619
2593
2565
1039
2918
3021
3753
652
376
904
9413
2360
4479
3
2480
1174
1906
1349
4119
499
5413
8665
9867
9158
9031
4895
7186
778
8805
8588
4622
7071
2612
9328
6317
894
4358
2758
8656
3271
4301
9447
7313
3439
5650
3551
6185
729
5907
9672
484
2564
7588
6562
3096
1037
1144
4173
6032
8457
6749
9477
6087
3589
2221
4242
4129
2682
4062
4499
5655
2778
6740
8502
6944
2055
6391
2154
5371
8708
8628
3295
2434
7354
9164
9870
6843
9665
2487
95
6058
65
1625
5126
7926
2481
4608
1559
4057
5681
1156
6379
118
4731
4837
6217
9380
6620
5550
3156
219
5901
7741
621
8206
7846
8052
2570
3408
246
6615
8510
8610
1178
2950
8716
6520
2952
4491
4836
1727
3205
9111
3120
7416
1719
8425
2164
8089
9909
3479
6583
4429
3053
2341
4631
9241
306
1096
8429
9038
7232
1069
2684
6453
6042
1203
3124
8956
9374
2376
6910
7214
5895
9392
3170
3411
1712
7072
5057
211
8468
7482
8227
3391
3715
1602
6609
6390
6243
698
9486
999
2053
6137
3407
1031
8807
6802
1883
8529
7315
6539
6199
3198
7545