6371
186
1277
6794
9970
7915
1541
8626
2515
8542
6022
9688
9199
6919
4747
3529
6117
9002
1974
9221
1541
6249
7335
8446
5909
877
9982
6372
4264
4210
6817
2801
90
4713
6712
1666
9060
8623
5142
9332
2423
3922
7639
3825
7729
8798
4375
1580
8204
8652
9959
7360
264
5594
2457
3903
2414
8273
725
1081
1495
766
9888
7226
5089
8890
5949
9643
535
7741
3837
8822
2482
7352
3992
9057
5480
3724
777
4203
1431
2583
4026
9024
1983
3903
2564
5244
3744
1806
8365
6339
1760
4369
1834
9865
1238
4824
9269
8995
2655
9496
2613
2357
5385
354
9110
6831
1681
6529
2023
6340
8207
9158
5266
4329
6895
6228
6974
1599
5126
8788
9663
9302
8230
2104
3659
5674
8904
6295
6610
8483
2918
245
3128
7132
5080
4805
1202
7450
1152
3255
1202
3756
8811
2783
9515
6453
2157
9070
103
1551
9319
5188
5222
2775
2838
6486
6708
5743
8186
1884
9398
3696
2699
3450
6573
2863
9457
2913
7964
3615
2969
5151
1753
6958
457
339
3434
4564
2593
4426
6506
3734
583
377
3750
7079
8283
7569
6017
530
4137
7697
3147
9405
5540
9317
3752
7098
5488
2483
655
990
2170
5774
16
3606
3882
559
8757
5893
3943
6612
5891
8425
9138
3935
3189
5589
7811
938
6722
5716
4274
6003
8772
3524
1931
504
6352
4204
3560
2871
7129
7205
3328
9973
2341
387
6161
2902
9125
7020
7667
2308
3934
2040
6636
1257
6256
3468
7365
9025
1187
2105
8659
6699
3494
8803
4809
4193
4059
8155
8381
3833
4721
8441
9114
3129
8653
8379
583
3433
5039
8671
6106
4404
768
3691
4078
5322
3961
6145
4214
3322
8450
7494
1884
8202
866
2025
2183
3538
7774
9503
6281
9416
9014
3827
5922
8204
8510
2836
2454
8749
8334
4623
257
3075
6044
2813
2685
4277
6939
4639
3291
3021
3116
893
3495
8061
4014
2930
7994
298
1560
116
6719
3997
9423
2216
3155
5329
589
3264
9041
4508
8577
2079
4231
6768
7506
7912
725
8919
3085
913
6860
7745
6658
685
4396
8493
2728
4211
9524
5742
9358
2634
2433
614
778
9005
770
2644
8605
8487
217
3308
5956
4226
4547
7363
6715
3491
2529
7811
9731
3016
4695
3197
6733
8227
308
6617
3684
5942
8614
6397
1498
6221
2516
8701
978
3409
8479
6534
5338
4410
4623
4954
3028
3188
912
2106
1636
9374
1629
1844
3505
3259
6242
1908
8247
9224
155
8001
8005
2840
3034
9247
7772
8055
4522
9799
8061
410
8513
1485
4100
5740
9825
8132
7115
6800
8667
6161
1376
2069
7226
7440
4129
4902
3268
5522
9959
3294
5550
4438
6410
6037
7601
1654
9778
3434
1209
1146
3725
4896
3699
2308
8362
9713
1524
204
4250
123
9606
2274
1960
1820
2127
4633
7929
5637
2491
5471
6145
5545
4434
3705
7973
7649
1419
6984
8165
7550
9725
2908
9947
8884
480
5157
7317
7665
7765
6316
6243
9258
4638
7852
5566
7075
2506
576
3876
7044
3335
169
6242
6990
267
4244
8839
3967
5653
1982
3239
6754
4372
8790
5348
5139
7520
5336
9171
8793
4294
2925
5536
1897
2010
7784
1922
536
8053
8771
6862
524
5027
2651
7032
1245
2833
5274
6234
3377
8766
319
4
433
9621
6852
1596
2946
9391
2119
9936
4091
3180
7983
1736
8071
3057
6300
2000
1029
7307
6574
2953
8385
6770
7381
6958
6964
490
873
135
3090
2281
3593
2502
4671
6837
7364
4915
618
9663
6431
4747
5931
1646
3123
5046
6602
651
829
9767
9130
8475
6972
7699
6309
7407
7767
9670
114
3090
2750
559
3051
510
32
3169
4916
646
6042
2257
2528
1336
7816
1237
3127
3919
9109
6682
5041
6123
3363
6995
5895
3741
6763
380
761
642
754
9029
2818
4014
5553
4763
1880
2534
8561
6537
7061
4992
4143
6708
7483
5196
8927
5243
5970
6666
5178
7363
4183
7869
7757
5927
7003
6401
4200
4825
8508
5476
8163
9119
7123
5779
5899
1498
9179
3525
7863
4117
8737
6720
3706
4986
8440
6311
5914
5766
3954
6599
7280
5563
2115
7599
4236
9469
6324
1592
569
6853
1018
5132
7247
1500
1042
6967
5494
8003
5891
3568
8266
9246
8610
7348
2785
9326
868
5855
2559
9095
8510
8032
651
4520
1129
8341
499
9311
8594
7923
996
2152
6036
1017
3265
8484
2039
3185
1078
1120
8071
961
1179
5521
24
4047
9434
9941
5223
9805
4572
5291
8401
4029
5045
7852
1139
1892
3416
8014
2509
5324
9611
1768
2003
5865
495
1998
5133
7418
5432
9249
1478
1876
6226
9131
305
4596
5550
6509
5746
6188
1193
8010
3128
9144
28
6183
1201
6065
6758
6398
5475
8823
306
5006
9701
2890
4578
620
7419
1910
4801
1009
2257
2893
5904
6096
1745
1157
9243
5620
2965
3699
5104
1509
7998
8643
8560
1637
4356
2308
8572
476
1084
3660
2564
2830
4814
7586
3799
6672
4629
6159
752
5293
93
5609
5825
1212
3710
3770
4762
8801
870
1382
8797
4951
7180
5592
2476
8171
5855
319
9858
7795
244
7720
2702
7536
3275
3063
7312
8948
7123
3827
4636
3721
1609
3786
9766
5916
6007
9282
487
1828
3813
6842
8206
6348
1245
1929
2487
9972
9004
5730
8336
4605
5194
2706
3888
8224
168
6512
1043
9194
7204
9872
2857
1715
3171
3295
8274
5995
5856
7742
406
9427
6342
8025
8323
497
3973
3878
3042
5537
5697
72
522
6321
5309
2007
9576
1072
728
8117
5455
2955
1239
6976
3121
8788
216
1449
3739
5260
7685
8735
450
5503
712
5594
3636
6161
3479
9727
3832
3020
3768
7602
1521
8633
1340
3001
7655
7452
9954
8638
180
9561
9863
138
1069
2953
8693
5575
9521
8130
1120
1469
8371
9103
5405
7975
2142
128
9872
8602
837
6483
6836
4483
4809
2605
6595
7255
1337
2593
3786
9247
473
6820
8940
6095
7859
8201
2037
7753
4717
5916
6221
9037
2293
5841
3803
211
3517
3157
3832
4619
190
8375
1280
6768
7994
4198
4604
9040
2058
5413
1897
8378
3498
2396
4590
9110
3704
8921
2677
337
9100
4862
846
7148
9960
7831
2307
439
7139
7805
5193
2309
690
1704
826
6023
3535
7353
3763
3234
7390
9508
5717
2059
2534
6428
4490
6263
8866
3263
1391
5217
1219
7396
3375
5589
3927
6995
9955
9768
57
9625
3962
8436
9116
1468
7988
7432
2652
9481
2870
6209
5523
7372
8614
2382
6939
5749
1462
6029
9141
2485
9102
5818
8106
2606
2647
8471
867
7648
3691
7782
673
304
161
6060
5332
1633
7025
8863
7820
5993
2399
40
375
7897
540
3148
472
5704
8345
6579
3773
7238
6131
3600
8902
2216
7387
3016
4489
4408
4907
1233
4865
6933
7817
7152
3805
5204
6194
9352
2549
1309
2113
3054
2871
1118
3608
3370
1327
6839
9201
127
213
5529
7323
567
2590
5833
3289
5451
1284
5850
6297
9335
5168
6967
2588
1521
9551
7728
953
6286
1636
6600
9993
6075
7185
3898
2265
9323
8124
3629
6119
7156
7673
6520
5903
626
6029
5665
7495
7356
2673
5864
222
8227
7266
2372
8484
3534
5384
3218
3779
9839
853
8959
8998
5666
5292
1845
9873
8302
6430
7172
1383
5818
6055
9492
4503
5057
2157
6204
6877
9784
697
8161
1043
7469
5936
1658
7891
7314
7262
8335
1391
8095
9160
3553
2732
5436
7822
6513
5159
3478
4473
5617
8103
3947
6616
268
6386
9721
1640
7
4686
1291
2962
2501
415
62
3067
608
9526
7373
368
120
6138
6781
4159
3795
7668
3762
2690
2667
3823
5922
5982
7396
3942
3203
9504
1039
2729
6933
6969
2644
7848
172
187
9064
3226
6252
7786
2739
97
3279
1242
3227
5779
6390
6517
1667
1026
9899
3242
2307
987
1119
9235
9262
1800
2846
8245
5231
6517
1661
6260
5400
898
2325
323
2947
9146
187
5602
7731
5046
1583
1175
3409
6112
928
6909
1068
9178
757
787
1518
5304
2496
4038
5076
3718
1452
242
9069
3872
8541
6496
5227
9418
185
4185
4619
202
7293
4204
1827
9604
146
6206
7538
7750
5068
1599
3556
8195
9890
1281
1706
8002
8163
9013
189
7676
8234
5121
1488
9051
2982
9923
6750
9795
2549
2234
4387
2062
1958
5518
3040
8184
4164
8520
611
83
6384
9012
2837
1590
4057
6139
1450
517
9340
4509
6684
7748
1633
2306
6128
1189
5324
3074
3740
8186
549
6630
72
1786
4583
2661
9466
457
1850
1455
6753
4767
5930
2807
2682
6593
8334
9981
190
7176
2487
2438
7028
5197
5943
2138
3820
9196
923
4062
5675
2705
7329
2808
6015
4339
2384
890
4542
4059
1147
2717
9987
8534
4901
7794
8718
5304
621
1513
4139
4662
4203
8775
7590
760
9737
2453
3869
4748
9708
2334
6912
6458
1114
7037
9190
2345
9156
5665
532
9619
5146
2721
2348
7748
6023
9910
3937
798
1413
9575
4549
8947
9087
3762
1002
5587
8127
1183
5751
7790
7993
4273
8431
6825
1961
6368
3193
5500
3195
4246
5921
5030
4690
6545
2788
7279
1731
2516
8270
9659
7676
6904
7910
5128
4064
5820
2176
9209
2728
5565
588
9520
6673
985
8982
7579
8812
6631
3287
6744
8622
9993
3814
6584
6986
4629
8517
1742
2035
5417
2731
5787
173
2559
6811
4985
6874
6798
9821
7504
4967
3822
4310
9761
2762
5743
2726
3441
5821
3802
3410
9370
8225
1188
7729
6932
4
992
3251
5520
819
3438
4398
1751
6043
9162
2802
7128
5890
4389
7895
1173
651
6476
6707
440
2874
5784
9133
6570
3245
8958
7974
8928
8401
6913
6732
408
4981
5997
2000
1149
1117
658
9461
8068
2824
6275
714
4625
1347
9287
6110
4028
9587
3152
5414
3951
3154
1452
6421
1441
694
6450
8138
3104
9400
8580
6844
4737
9067
4815
5125
8953
1045
6191
7259
2542
8678
7968
5802
8648
797
9145
7353
6210
504
3904
2604
7511
8405
2205
6975
3899
3494
7235
5720
7455
2538
1484
9302
1493
6102
9924
5450
723
832
7603
4448
3118
2447
4078
5405
203
4563
9102
6829
5538
6803
4735
5959
6820
3530
8656
4512
5988
9280
5453
2934
3884
2733
7809
4565
7889
1474
8240
8897
6447
4899
2126
5711
5861
6223
1040
4034
4084
3250
2696
9701
408
6185
2441
3448
674
7286
4861
1405
6709
4977
650
2552
4149
9612
9522
2843
7670
863
6281
607
9693
3827
8527
6270
4666
5271
9465
9307
6416
8594
10
4303
4962
8388
3880
8612
9554
6271
2159
6565
7072
6095
4914
5137
1679
5358
7252
3652
2586
8595
3704
8967
3469
8905
7561
1228
8723
952
8361
8629
6889
2807
2706
8184
834
9288
7046
2003
3180
1365
791
6639
5655
9010
8557
5720
4194
612
2900
9564
5035
8986
9554
4992
5079
4777
1920
9253
8851
555
6500
5147
5633
1984
4764
1705
2191
5609
9715
3073
1499
9875
9285
7019
9870
7664
9396
4694
8989
1644
9981
8078
1838
4898
2754
2667
5734
7780
5966
8436
6214
2006
3222
2872
8412
2603
4236
3558
8504
9652
6130
5245
9296
3583
2929
3636
2846
6437
8789
9149
1295
1712
8905
4431
7940
5061
4574
4201
6568
8467
2707
2137
2387
2835
2825
9437
6754
4262
2264
9924
5146
6643
3433
8474
1890
9466
5989
3907
3790
62
8084
3822
3064
4886
7892
3655
4813
1174
249
587
7945
5052
2590
983
7257
4811
6356
1334
1295
6765
3593
7106
7119
4851
2614
4847
4623
1428
2459
3655
7370
7084
4091
4875
693
9527
5909
4083
6051
1459
8031
8067
6156
2965
7570
4256
4617
1211
34
510
6206
5305
1829
5259
3016
5259
7269
3195
5517
2518
1824
9213
5805
1014
2475
1442
4518
937
6497
4590
9442
1998
475
8126
4441
1974
6244
6537
445
6479
9561
5609
3898
5345
8447
9993
7132
8500
9626
8905
200
5175
1816
3566
8745
2307
842
9022
7131
1389
7413
8353
7176
447
4985
4410
5823
8848
4313
1199
5202
6702
8861
4163
7801
529
237
5759
3387
2617
2918
6371
5594
2321
2160
9282
7190
5430
1367
2323
5324
3232
9905
4746
989
2227
6842
3675
7960
1420
7768
8551
4409
2516
1919
2102
2223
9732
2148
6433
3322
8508
6812
9481
8102
5356
1617
5660
3928
1503
9025
9088
3320
6124
7514
2108
1294
5001
5392
2935
2945
3689
967
2223
8115
4911
24
5351
1541
6249
1315
9700
5180
3611
7446
8420
6653
3667
1230
967
7652
5213
8119
8545
3286
4171
4843
1128
1436
6764
8022
5537
1044
4848
6620
9534
8196
7799
356
8813
760
1972
3318
9082
7819
292
8704
4313
6415
3042
7945
5337
6683
442
1986
5964
71
5811
4937
6689
872
8321
4802
2278
6563
5037
1009
9031
6483
8600
3900
2487
2069
4847
5570
5993
8542
8164
260
8635
3446
631
2024
9812
9169
3691
8644
151
5275
4723
8107
1406
9082
4361
5778
6934
4576
2561
2346
5065
6244
9006
5141
6829
2845
4960
6809
3369
8199
3483
7192
2883
8308
6731
981
912
1221
5877
6920
8700
1634
8531
8187
2470
487
5473
8627
2018
3877
5450
4478
3666
1533
7509
7827
3977
5309
8234
8507
250
8316
5535
8963
1287
615
690
3652
5019
8283
7586
9245
637
1025
7903
8089
7364
8772
7871
9254
130
1165
8938
7118
5496
1043
9711
8252
3447
7184
8473
628
6567
7755
2432
3827
4067
5535
413
3032
9852
6415
3945
2379
294
6428
8218
7029
9122
7771
919
3403
6287
4346
6555
1874
7396
6906
5402
9983
3103
6655
7604
5714
9051
1624
4287
6774
1806
5679
5202
7730
1996
5082
7173
7234
7957
7512
2496
2088
7863
823
842
8502
8167
3004
431
4266
1501
8572
4752
2843
1112
9694
1529
8698
5065
2477
7078
4628
3003
2991
3987
3026
945
3333
1944
8972
3191
9503
4357
1460
8631
7841
2855
6514
4788
9416
9194
8939
6531
3842
9964
1325
167
9270
3576
5907
5954
1627
4612
5354
2922
2676
1820
6221
5445
6288
229
8832
2950
1931
3348
2604
8249
2647
6857
8209
9897
5587
5110
2009
6466
9883
2242
190
1412
9188
5725
1965
4013
1606
6682
5918
1686
2429
3303
5375
8496
7886
5515
2214
3421
16
6335
7910
5086
5503
380
326
530
7240
4738
4941
4199
1590
4232
1958
1431
7292
1505
769
7551
1802
7950
354
4419
8001
4575
2669
9106
9309
4357
119
4973
3072
1635
5314
2589
5217
2005
9728
98
2593
1535
4422
6938
2687
1299
1649
6962
5328
6391
7442
5197
5011
2606
7059
7519
2289
8606
10000
6967
7426
7374
1671
9718
2061
2420
1397
4063
5353
2506
806
672
4275
9435
13
9068
1978
6380
3880
9355
6130
5130
8551
9564
525
5458
6271
2774
6019
1234
458
3799
3888
5306
6735
7612
6590
6301
7116
4398
497
7627
2258
1411
5091
7800
4571
7976
3818
911
9419
9802
5844
1645
4749
8829
1070
3619
8236
8335
3627
6769
9955
1881
1058
5298
1386
7501
3656
9999
1751
2060
9427
8771
9506
6606
9466
531
490
6980
4157
480
1901
1725
6838
7592
6956
847
9950
8481
3349
4254
8786
9395
9831
1963
6123
1878
9366
7518
6053
4189
7015
8701
8564
1539
5791
6019
3179
5378
6924
8401
3122
7766
7843
1113
3051
5858
1662
6486
2944
1133
8364
7753
4427
1749
985
9758
1991
8433
252
3729
2969
515
29
1584
7920
5212
696
8530
4425
2684
809
7573
8468
4666
2257
533
1465
6806
6623
4879
526
9552
8788
8880
8240
2283
9522
8872
6567
1226
2531
2726
7143
1897
3972
1905
1579
1838
6336
1036
5083
3455
5178
533
4665
7091
3717
4798
7609
5654
9724
7377
2458
3246
1007
382
5080
3562
7551
1748
1004
3840
1224
3940
6769
5862
8331
9219
9980
5252
9588
3561
8820
5067
5168
9643
9165
9654
5144
6028
1402
2897
3171
4179
6214
420
627
524
8079
4910
7871
2194
4213
9509
1142
76
4064
6310
4993
7467
211
2843
1476
8778
836
2884
3253
1680
3365
3122
5120
2455
6712
301
7956
2941
8208
4929
885
3832
6976
5940
9881
9087
3571
923
6107
2620
3510
9588
2192
562
1201
8425
5414
5160
8214
9824
5413
4694
8234
2835
3300
7723
7185
5138
3201
9578
720
1607
7522
1369
7215
7673
6128
2843
4503
7798
7293
2608
4133
7318
3885
5791
8194
621
9915
7593
2539
5918
6334
6054
7245
7983
7939
8039
2706
2389
1884
9446
8141
9787
5696
5207
350
1701
2372
7791
9901
3307
9070
1406
4661
3724
2660
1317
342
4731
2650
8578
8972
6813
8618
3994
7389
9977
2243
5401
9317
3359
100
9311
6236
7160
7521
3102
6730
6744
4839
2353
7390
562
6725
8170
6613
9295
3431
9965
3551
9813
2370
6362
1181
4243
1197
9503
7308
3494
6891
9735
7913
892
445
3621
6543
4383
5325
6106
7381
4115
3104
6578
956
8658
3814
8299
3442
2243
8669
9413
1805
2010
7755
8349
986
9845
547
3384
335
9097
3720
8301
8519
5974
442
2647
2337
3713
6250
2354
8123
4005
9369
9545
421
5381
8029
3591
2932
1468
1261
134
6849
2703
8381
1590
5498
9248
1263
7358
6508
9285
810
7770
3458
7981
318
1192
218
9583
8592
7964
5901
3566
4616
2276
3391
2567
7158
6447
8584
7412
3963
9486
1493
9765
3329
8020
4725
3961
5179
1855
9743
6387
7940
736
8369
5504
1554
7967
2868
8578
7071
1672
3456
4153
5165
9060
7831
5405
1459
7350
2502
9655
9364
6558
9084
9205
2294
1971
1571
2343
4033
5919
7461
4348
4971
4026
3754
1509
1586
3019
8094
6233
7544
9581
669
689
7015
327
5798
5395
143
9373
7837
1176
7244
1026
2413
7560
4767
5737
394
6159
8130
5590
7872
132
9524
1806
8879
3340
5475
1519
390
9476
1871
9989
3099
8491
1611
2863
7151
2428
2316
7222
7274
3433
3764
2709
8298
6571
3364
7492
1856
2294
5891
9090
3140
7019
7417
8088
2513
9579
4234
197
6660
990
7571
7139
4109
1210
7271
1360
5039
5078
7415
1068
3636
7215
7874
4233
5986
2918
7625
202
9356
180
1293
8872
6576
9371
6693
1896
2169
5
6089
2692
4581
874
6714
4146
2653
601
7452
6913
7294
2136
2441
7653
330
8452
1866
8690
6028
8665
4336
2353
5933
8511
8539
4934
1991
6366
3831
3895
3561
532
4210
9711
5396
8080
8268
7098
7414
7435
2870
6683
5664
2445
6946
2060
8940
6290
466
3375
1345
8105
2436
3623
6308
1701
3077
2832
7566
8323
8807
6356
3761
2328
8667
6086
8340
1382
2236
7394
6700
7655
4921
2064
6487
7953
5177
1101
4485
4088
6578
4335
5902
8061
7911
4132
6236
8336
8419
6634
7988
4629
2173
5063
26
8761
9194
3271
6667
1515
8731
2630
2508
136
3207
4735
4726
5004
2762
6728
2587
3002
922
9391
876
1018
6906
2600
8546
6600
2885
635
7705
1592
147
494
3930
7395
8036
7954
6688
1367
1083
3773
6651
5202
8571
2064
2143
8343
1345
5970
8058
6120
9609
6533
3089
1723
5338
7267
3920
74
7003
2312
5602
5369
7577
5535
5971
3866
3845
289
7054
2326
2837
303
8346
298
5195
5305
3120
6028
9388
180
6931
1171
8232
9734
801
3018
8671
2014
9254
366
2552
2799
6394
9352
6024
1374
1788
7791
7537
9797
7027
4396
9782
8213
5480
9614
2779
2439
2386
8493
2358
6066
2480
2269
8215
890
5016
239
6326
9722
9367
2827
309
2086
9112
621
995
8199
8283
8264
3759
4120
1670
5758
5895
4331
7300
9349
4934
1818
5328
3203
6888
805
9914
5045
8308
6965
5115
9864
1381
5397
797
173
4131
3901
4360
6211
3366
1292
869
5111
1439
2227
1811
9391
516
3999
7247
2218
3000
3378
7321
8044
2145
7931
7125
6942
1347
9238
4741
7257
1410
1676
3714
1203
8862
1958
1676
6971
2564
8172
5686
5163
6344
1883
4340
8410
4544
6152
1442
6416
1480
1449
2589
3522
8296
4443
87
6841
4800
8067
7309
8183
806
6018
4239
6262
380
3975
28
5382
2878
9766
1427
7375
8557
9433
5639
4137
9413
2227
7669
3777
9852
554
4225
1150
8168
716
6111
5795
8688
3724
5104
8756
9650
2558
4317
2666
2844
1384
7271
1800
4945
9260
8069
6360
2192
5034
8929
3383
3330
4004
5545
2333
4799
2281
2213
4053
7529
3513
8157
8628
5149
2530
9520
20
8241
5354
5661
3372
6872
2754
3280
5560
5168
4489
8670
5501
4239
3162
325
838
6387
1076
1185
524
2819
6207
6187
8673
3618
1767
6196
6106
8946
8617
8866
2566
5422
3271
8301
1271
5909
5654
1514
9723
2851
5276
7489
3939
5003
9247
168
670
1248
1221
6933
2632
9045
660
1366
3717
678
6537
6827
679
2230
534
6400
4460
982
408
1494
6329
3021
5962
9270
3535
4673
7899
1291
4492
8949
7244
8517
6350
3338
6671
5823
8735
9742
3667
1147
7891
9718
4368
8136
6308
5337
3273
2083
3054
3615
3169
3697
4693
7780
5975
663
7866
6011
8237
4001
4542
5030
3988
7884
3289
9070
7503
4994
1228
5143
5704
868
5321
4205
2258
3416
3136
9446
2097
1228
1417
545
6411
5120
848
4942
6058
6855
6220
8862
6210
2749
8464
6845
1797
273
1882
1214
7967
9862
2322
632
3990
696
6389
3870
876
3088
8789
3986
5030
375
7276
3459
3125
6352
8776
5537
1410
4193
6713
5920
5304
4577
9968
6840
3159
3626
4569
6782
1510
6705
1361
2022
1126
5266
3902
2319
2043
7935
3455
9760
5429
6004
8929
457
660
1502
3621
7439
8557
4882
2693
4458
7357
853
3551
7551
4229
5150
2068
4545
9703
5728
861
123
1533
7828
9965
7065
2950
4188
4367
1089
810
442
5900
5348
9583
2149
6370
5647
4709
8782
4434
469
5804
2410
6855
7177
5095
5235
2264
3737
2536
220
3645
4069
7943
7847
7303
1280
4501
8048
7698
1997
2086
9398
5430
3419
9729
4399
6180
6467
9345
8994
2257
7478
6733
4577
6602
6708
245
4695
9493
1785
8047
3809
2423
8028
3463
9524
7160
6612
5935
1530
9041
1388
6003
3834
9383
627
9998
8792
9107
8681
596
1397
3580
3781
8821
793
6605
7924
4467
5816
2892
2456
4287
2345
7196
9147
7798
7395
4389
8866
2355
6813
547
8359
8332
5728
6231
8712
9659
8128
5869
9473
2426
4800
3555
3130
877
9395
4089
5743
834
7490
4303
9606
1816
9724
3434
2322
8539
3206
2500
4226
4581
1033
1307
3957
8914
6416
9813
6737
8431
7832
1167
8693
9973
5658
2144
7930
1570
7936
5602
1016
3807
7728
2141
3134
5566
9160
78
2095
385
8381
4104
7672
7431
1223
3151
3340
3770
1983
7789
6451
7049
172
3716
3947
6302
9729
5562
8264
4414
3025
2192
2961
2973
9344
7763
5608
9345
2980
4154
4493
6010
8031
5341
9751
1513
8196
2677
5449
927
2278
9753
6978
6909
3563
3794
5590
8574
167
742
5811
5421
1141
4165
6175
3428
8523
7326
2147
9214
8087
2196
4092
4847
4878
137
1000
579
5038
5368
6019
2850
1115
2975
825
9940
5563
3991
2029
1898
7232
7321
8432
9
6482
3731
1800
2615
5078
282
9402
2909
4581
575
5559
1039
3676
9099
7015
6586
9223
2490
64
2939
8465
8301
8946
5144
3734
6434
9257
4840
3687
9614
1839
7711
3185
1371
7346
7109
9366
4573
2607
9796
6894
7421
3285
3043
453
3580
6183
998
8462
1087
9266
638
3841
5414
3776
5753
6292
4644
6859
3904
8372
4047
75
5621
1317
1665
2973
376
8284
4608
7036
7021
6145
3614
7973
5508
6580
4192
742
991
6648
1079
9434
6481
27
5891
633
548
1666
9987
6745
4315
1951
9070
8594
8229
9517
3698
8908
5303
6368
9022
5405
7230
9813
4945
4123
2440
1844
9291
4705
6880
4261
5241
4778
7612
3131
204
9154
1532
8224
905
4953
5084
2371
423
1294
2527
5729
6245
3948
2462
44
4841
84
5792
6102
5463
9306
4184
371
3654
5543
3791
4195
2216
478
9191
7155
689
9516
5335
368
4740
771
4412
3925
8295
5600
4703
4562
4941
2007
3942
6807
2831
9437
6942
6121
9910
4400
3926
9790
5945
9400
2340
8151
7007
8227
6450
6708
8137
2623
6410
2447
1069
1711
1567
2016
4786
7168
2226
906
6255
6223
4929
8041
669
5236
8483
6263
4315
3376
6483
136
7441
7863
8934
8421
6708
3862
6014
8847
8588
8572
2929
8478
3375
7553
4502
1277
7749
8490
9518
686
7337
9158
9483
9148
4684
1268
6056
9747
7137
4181
6197
3196
9568
6037
5055
641
5095
2644
1203
9744
2934
9150
7112
1304
8737
5543
5873
5808
9867
2793
4221
2811
5156
6068
2650
2458
9233
7588
3334
5907
7243
3592
9993
8432
4559
7043
2964
1552
7391
6936
8006
4302
9165
432
8414
8271
2121
8164
5826
8906
1292
2211
763
4335
5635
8470
4978
616
9191
8699
1186
7649
9751
4195
592
8081
7990
1626
3455
9339
1415
3066
6089
2067
3693
8736
4561
8367
2168
2596
1799
7446
159
9217
5455
3270
6066
4436
1509
7689
3357
4284
9885
446
2868
2767
3899
7682
1820
5200
6064
775
1319
3370
6157
6472
3813
6043
7718
8763
8623
4146
3863
4740
7922
3446
3011
1727
5694
830
9515
628
4820
6114
8621
1031
3418
6608
4447
984
3646
7101
872
3855
2184
7211
5093
2638
5247
3141
8323
7176
366
9980
9710
8678
9156
1281
8293
5558
9689
3205
8296
4687
4830
6832
3657
4452
3012
1176
3389
8771
3784
6752
4862
246
4639
4073
9230
7069
3623
6241
5195
4637
3806
7287
3576
5288
5370
8912
6004
1829
5602
7609
5610
5377
8362
7367
3170
8790
9679
9869
5100
4548
8088
7226
8566
8037
830
9398
4851
3469
2882
7746
5125
1344
9491
20
4577
3628
4933
204
5308
4696
2111
3917
5507
6453
8336
8044
7761
3884
7937
1607
6142
5562
5234
531
2824
6436
7257
2707
8032
781
7997
836
1272
2500
8994
2365
3518
7119
6686
4198
9452
8868
8990
6354
9844
5991
2816
9555
7743
1887
7816
634
5275
3193
881
840
1085
4578
705
4736
974
9395
9991
8946
1999
8123
6256
7582
6963
4831
783
7360
7763
4054
3828
270
273
9042
1130
2363
5842
5077
7032
5039
6894
9237
9588
6696
2272
5386
7913
1564
7578
6861
7825
7607
2909
2784
8131
8224
7999
6610
9904
6014
9115
1035
7241
6294
7935
3620
4286
3602
5720
9592
6569
376
1691
4538
7898
5134
305
5292
4603
8932
6951
245
4646
8318
5969
6127
3269
702
4371
6300
9654
2365
6343
9283
5039
8208
3140
6495
9800
7209
4697
3689
4349
1284
9537
7359
7533
1720
5670
3702
4926
4548
3652
3172
4250
6485
8311
1679
9727
1254
5818
4623
4688
5934
6466
5960
8993
3413
5509
6959
8974
4197
1116
7350
2507
7013
8431
8580
3757
8743
5929
4859
4226
654
2174
9890
6827
2985
5770
9155
5658
2384
2796
2036
3262
7186
333
3810
6474
9643
694
3388
5845
5157
3510
3130
360
3235
4320
694
1071
402
2211
4581
1162
5774
2487
5275
3209
6885
9000
8425
8288
2370
1026
1356
5889
4889
4507
5664
1000
155
4409
369
8202
7065
9597
3334
5318
3622
5907
7710
3342
3304
6667
9684
8165
4629
9461
3980
9333
97
7671
304
2577
7474
1325
5683
7451
8497
3684
5525
7806
5776
6160
3109
5684
9656
8755
8153
9010
6828
4628
3284
1346
3960
7889
6233
1944
3514
1179
5755
8025
6709
6455
3501
4400
106
5070
9614
1255
4157
7243
5416
8968
3587
110
8694
8594
5727
6080
3398
9291
4537
423
5631
8203
3155
1956
2649
6594
8594
8101
9547
1755
758
6376
1995
295
6213
2871
2130
2323
3125
2932
3613
4936
8057
7744
4036
8919
6947
996
4748
134
3686
6502
5340
4177
7697
8698
923
6192
2279
2590
7600
1076
3104
1847
7014
9605
1510
9686
8575
3916
3591
9759
8894
601
1322
7948
8127
5110
7239
3558
3135
2358
3052
1324
624
1695
5476
3092
1793
7586
3913
6279
3213
2009
759
9317
6884
7538
8159
1883
1769
5003
809
8636
3152
4073
7180
6936
548
7414
5344
2715
5157
3542
6865
5444
448
82
793
6413
2259
9009
8519
1597
5579
5922
2806
3319
4303
6852
7546
8716
8465
7035
3583
9196
1893
3354
1532
490
3842
6791
2300
8507
647
3878
8230
4915
5844
9447
5789
964
333
2526
463
2225
1462
630
7504
8543
8130
9106
2713
8061
3533
4791
349
1843
8858
5081
5829
8372
1146
916
1094
8286
3176
5112
93
8999
329
1558
5339
2138
124
7112
7064
2732
3031
3951
1220
7885
4850
4840
1344
4943
198
7591
3390
7385
1353
849
8767
5843
5300
6949
5147
6222
6096
4957
3321
8461
9202
7331
1226
1499
2639
9430
8928
8017
4210
1171
4367
8169
7385
8879
4303
6946
3360
8213
4000
7391
3309
4898
7428
9877
6403
5443
1352
5896
417
8557
4567
4033
7053
447
5837
6743
5575
3585
7568
1690
6655
4375
4871
7471
5029
9013
6279
9701
3499
234
7569
4856
7733
6536
4234
5
1317
9664
1288
7294
5475
308
9183
9891
6761
1645
329
8891
1931
3879
9270
2003
97
2106
4984
7026
551
7367
9513
6799
5158
434
1320
7662
8291
9305
7407
310
9293
5860
2925
3368
7897
7395
3629
770
6095
6489
5325
4342
9755
8662
5893
5268
8581
7292
9981
1100
888
7715
671
1776
3175
3784
5269
6805
5723
5822
1883
2844
8106
1501
3793
9797
8941
9147
4484
8092
8246
4862
6680
7272
1038
1829
3391
117
877
4191
850
9927
2399
7091
4801
2884
3742
961
8362
3454
8022
5886
2925
3120
5247
393
6081
7141
5404
2369
496
5572
805
9578
1656
9251
794
3116
6940
8277
622
8974
9467
9158
7349
7843
5039
8753
5173
8356
7320
3178
2249
5639
2518
8502
5799
9453
9870
9865
9860
6599
5372
5576
8957
7228
9060
2618
8305
1562
2712
91
8389
6570
5209
7175
7023
9365
5507
8644
8199
9908
5837
8477
6541
2616
1237
1293
8969
9627
9824
9634
5360
5912
6358
2998
1662
4294
385
7889
6648
845
3021
1903
9128
7165
3040
3815
2586
761
2537
6871
1423
8458
9509
3414
4259
8091
9223
92
3464
9700
8582
6493
1363
1510
6234
2565
1351
6964
2750
8084
8309
4763
2008
2872
6975
3383
4911
5324
9072
8399
1736
2107
1138
151
9201
6311
2262
3394
5817
5193
464
6869
1707
4705
2904
4811
7238
2319
2273
4647
330
8612
4610
9061
1027
7040
9018
8686
7849
2593
700
9870
3989
365
2431
349
6354
9196
5953
7588
9531
5739
3942
3754
5324
2368
3604
5982
9634
2609
6218
3852
1038
1358
7828
2579
5359
7053
9404
2557
6231
6744
3881
2940
1153
1001
9576
7184
8215
9334
5334
5506
8116
6282
8989
9060
5068
5275
2896
1757
6318
3198
3398
6263
4368
2632
5285
8386
6337
2510
5772
9978
7531
2050
4017
7411
7436
3715
2080
6938
7855
8093
3881
7777
2319
6928
2317
105
4735
1947
2042
8434
982
7193
9408
899
7336
1400
9267
9735
7414
1195
7322
6130
8478
3851
3667
6503
9168
5978
2418
5776
1621
8913
2585
4595
5389
2928
1083
2923
6775
6698
8686
5940
3474
6876
6653
4723
5634
2399
23
6650
4716
9401
2884
9902
7388
1142
9847
8113
2282
9556
3358
6944
1190
1121
6496
8471
3523
513
6650
9411
2605
3197
9211
5057
2228
9283
9672
3144
5988
5887
1034
1879
3771
7841
7144
5359
961
8952
4045
6414
9919
689
2401
6752
7677
26
1394
36
9149
4703
2700
3590
6595
5225
9757
3949
9651
3378
5209
8605
7522
3500
1975
5397
7678
3398
6838
5482
2704
8889
5121
355
9551
7052
7310
9377
6758
1668
9021
1135
8768
9878
2632
6411
7639
6422
2068
5585
5733
7108
6956
181
9954
8052
6755
2787
3877
1670
1804
2159
3953
7696
435
2533
8282
1333
8020
1950
6104
1434
3549
7488
1380
4322
7180
2505
9553
1843
2025
5735
3022
6494
6565
2229
2013
417
8393
5989
2935
7215
3244
2195
358
9157
5252
3666
5779
1185
4652
7320
6609
3011
8986
6563
4574
3770
2716
2556
9563
604
2718
3520
9008
1460
2106
9702
3790
5728
5061
3562
697
6599
7818
7684
7008
5668
9315
7588
9065
2730
4643
8531
7507
5756
2453
1594
9338
5391
575
2143
2400
1971
3465
6012
6587
7641
7978
1415
1381
3225
8665
6524
92
4811
1428
4605
4922
5305
4590
4206
2144
1063
8224
6300
8164
2498
1391
8714
8489
7389
5377
2623
8235
5190
7058
3250
4893
7235
5419
1701
5471
1073
6383
3469
1112
9498
2526
9326
1017
668
2790
6138
5588
1995
1135
8255
8888
2200
9318
4577
2042
336
6488
3376
7612
7731
5569
9372
6480
6516
4453
1388
3747
1479
8308
9657
4424
9621
3387
6044
6150
647
1407
221
9241
4471
6350
4875
5322
8605
9063
8083
5215
5230
2125
9800
6287
1091
307
5099
9712
8234
3710
9072
8855
2401
2240
3210
655
9872
4204
2341
1292
5508
861
184
5301
2461
7241
2924
3607
2754
5319
6905
3552
2982
8668
9268
7007
3819
9356
6141
8757
776
1406
2749
1446
6796
629
4357
6081
3167
6314
6999
988
5952
4645
3430
592
6620
4396
5461
9788
8887
2152
8240
6270
5784
5022
2784
9296
6592
1574
1019
3266
9107
7409
3058
5904
2775
5653
2329
976
6988
4289
8615
1384
5967
9295
240
157
1527
4864
3880
7499
851
6603
1374
6332
2091
2937
1861
5028
6420
8059
3620
5302
1483
8302
1155
9825
80
5472
956
2939
5038
1497
439
3384
3913
7568
9809
2312
7640
8959
9439
3416
1164
2936
917
7572
5086
5614
4771
6617
9528
541
3316
8627
8799
1363
4104
1888
7508
9467
2466
2053
4344
4569
631
6795
5384
4143
7244
5486
2273
6998
8586
3303
4265
7831
167
2411
2516
8925
1713
6463
3198
5208
1678
7696
6918
5458
6895
7778
3937
1009
6417
6013
5929
6113
2507
775
1649
880
4790
1977
7521
4667
9310
4625
8097
452
5323
9271
3593
6551
10
9020
1617
7158
3944
2535
3138
4720
8144
7171
1030
344
587
4104
1382
8492
1295
3031
8624
4943
3115
1667
2328
7123
9034
5811
8113
8944
9205
9232
2430
9654
9013
3949
6524
4
7143
1666
9730
4332
3254
5694
4816
8641
4257
9550
245
5535
1425
5306
4059
6698
8861
8910
7411
3849
1595
5947
1391
4533
8303
3754
9332
2679
4057
913
5567
8938
466
8097
3160
93
267
6413
981
1525
1973
5244
8290
5032
5231
5133
7846
5045
3906
3534
8573
8102
3236
3022
2398
4595
9205
2865
8152
5356
6418
8700
6156
7939
666
890
6440
7811
8046
9201
1002
7167
3034
4441
1040
1025
1141
3414
2975
4764
6445
855
3544
4933
9736
2676
9841
6985
923
1818
2072
4819
3294
8418
386
7714
1303
4267
3595
5457
5030
1216
2995
7946
9753
3742
7167
5957
6354
8665
9919
199
1194
9597
4427
8915
9855
5641
8392
9560
8635
7209
6163
652
5435
5535
5384
3264
5243
2902
3879
1621
9165
9124
8980
2552
4541
713
7989
5611
2697
3133
8726
3348
3808
8798
7703
7578
3819
3488
4824
5836
4494
7914
4309
4288
6935
4154
1599
8
609
5650
7854
6536
715
7138
3695
9714
8996
1457
5644
5112
5448
285
2702
5334
8600
4990
7958
959
6187
3851
7864
9878
3103
6398
6526
5152
5060
2417
516
5278
2905
7790
7311
7383
7595
2024
380
5343
6233
1698
2235
7427
6654
8371
9185
2352
462
6596
3209
8756
5206
7674
4192
8117
1807
7820
1260
1262
4720
8771
3532
4643
2942
5115
3903
9838
7665
8057
7282
9759
9520
3767
6858
2902
8350
621
7411
2293
7923
9964
3704
128
5545
6729
2164
2543
147
7347
9862
4927
5036
7445
2829
5756
511
2121
9132
3287
9135
4060
1238
9109
137
4310
9758
4928
2992
8337
5318
6045
1519
9636
6245
4468
3999
1336
763
4193
4161
8566
1568
3272
9814
9781
2376
7217
9874
3280
8389
7853
8349
6848
7220
9748
7723
7931
6407
175
4904
4931
5019
9852
5648
4760
9648
1463
5752
1859
9250
882
5873
1008
9814
123
6399
1708
3064
1424
2613
6649
9243
3394
5137
575
7038
1755
8357
3593
338
6025
8751
9552
7375
1984
4608
5423
5685
7508
6722
826
1661
2647
6759
4655
6134
4271
7527
4135
10
1185
7575
4210
9775
665
7205
3759
8900
3557
463
1582
3733
8262
1896
4956
6003
1094
9377
9719
1784
7948
6286
2343
7803
6733
3510
2273
5052
8777
4117
865
8956
7924
4743
3398
5512
2405
699
1283
4892
8952
4141
2899
3623
1040
1679
6116
9472
246
7141
6469
2510
9466
4976
1911
8924
2509
3725
4874
3848
1330
7316
301
1115
3892
6946
9464
524
8861
6716
8399
9587
4303
6286
4555
9948
6418
953
2702
1600
1955
1309
2905
6454
1140
3446
5211
6993
5353
4815
8202
7330
576
9426
6226
6305
1755
4280
8519
2856
3023
4799
3110
2708
5148
3091
749
4042
3826
2109
6503
1444
7825
7083
359
3248
135
6404
4796
3931
3959
2758
7371
3535
3587
2582
3804
7134
5752
4016
6291
924
6141
5716
1718
6420
6850
4722
4819
2825
735
8459
568
2484
5198
6540
8527
2301
3987
5887
5826
7259
7251
3009
5051
6197
5594
7031
5349
1733
863
8953
4135
4304
2701
5886
9898
4291
5279
7822
7361
8899
8666
8362
855
7621
6121
5916
732
2288
5505
2850
2540
116
9379
373
7231
7975
9402
7966
198
9327
6165
391
5086
2537
7988
2462
2881
2304
3953
7851
916
5465
4018
5853
1441
1193
6987
4232
7265
6199
7895
2986
3481
5209
5472
7024
9954
5953
9344
7275
6818
791
3210
9316
9817
3342
1649
4202
8979
7852
2588
2350
8195
2554
8068
5823
4779
645
8796
9274
3067
6632
8870
6395
1913
6647
5726
910
3202
70
8376
4883
4286
4735
8255
8844
9181
4789
3404
4483
7051
8553
8928
8895
5163
6275
5119
2321
8959
7412
1543
7429
4695
2075
5990
2781
8260
546
2461
3380
8397
9001
8926
7469
7102
6175
2039
8721
6367
7933
3231
9718
1509
2107
705
7328
4276
7885
1831
2021
9356
8616
8299
126
1747
9244
4563
915
5196
9423
4408
6104
7503
7943
9748
207
2134
476
9558
751
3145
9865
6062
2425
9798
8935
4075
7580
6709
4144
4147
582
1970
9401
7725
8350
1852
5585
8530
8400
9262
1585
6736
7751
3964
5874
8350
303
466
2730
2427
4909
974
996
9143
3758
5063
6163
9482
4099
8260
3343
6264
1574
5997
2945
2660
4273
1239
5107
217
8088
6839
3137
3079
2059
751
5399
6747
5928
9527
7551
6337
9831
8489
6853
7237
9767
3661
6779
4285
3684
6354
161
6771
812
1596
7743
778
7424
2244
8144
6872
7265
4913
8536
7391
553
5003
3534
4893
2461
2122
4519
5678
6020
6542
6335
4530
7569
1298
5172
7325
6889
3268
207
9802
9992
5682
7678
1680
5548
1698
4298
2575
2546
4336
3489
7520
9206
9466
5644
3295
9921
3073
2918
9709
7773
1152
989
7544
7039
786
5583
7512
9588
9566
9681
8930
5502
2088
6636
3710
686
6875
330
3921
5451
1993
8140
7237
2881
6245
6429
401
5775
6069
6280
4516
1098
5891
3878
8988
1016
9111
3451
7553
7174
2742
9962
1714
3720
9568
4257
6529
4376
7942
188
6652
3023
9623
4745
8757
913
5557
2312
2162
1974
1759
9736
3576
238
7293
1625
8884
945
8158
4261
6202
32
8190
1614
2530
8159
8128
9880
5147
4831
1160
3369
8436
5504
1947
5543
1487
1044
1845
2260
2712
6445
6712
5907
7292
9195
1410
9149
2140
3156
7476
2395
6321
5404
4274
4448
8159
662
8179
6462
5229
9764
855
4212
8093
9477
9613
2538
9751
4285
1109
2658
5781
1540
2213
1678
8541
609
4251
1269
216
3059
7998
3702
9901
4734
7027
917
5548
5841
2310
6312
6651
2422
4178
698
9915
2115
3291
4583
1350
119
5071
1564
4898
9750
8800
5807
156
7124
1326
1130
5079
8128
1488
2432
179
619
9602
2702
2153
1556
7838
9936
1248
5545
6978
2002
6848
1874
7473
9776
7261
2124
9912
750
1733
5833
558
328
5778
1006
4355
7117
4214
9806
8617
5514
6722
4405
5561
8784
9822
5041
6540
8485
8967
6435
1791
6875
7641
2514
5883
5969
3009
7008
4279
4331
790
409
2496
342
2019
6803
6962
8515
6740
655
6384
4306
9247
6849
1058
3047
9851
9847
7125
113
807
386
2287
338
2453
7022
7292
9066
2068
2228
1702
6878
959
3419
5195
1869
9509
9112
2107
2959
8372
1848
6431
1906
5713
2382
1685
3112
6842
270
6757
2034
9074
7276
8055
7748
9010
5226
3550
2842
2064
4978
7407
8286
1770
7320
3842
3752
302
6526
160
7489
7660
5464
6218
9271
5987
8775
9003
8569
5315
9355
9314
6341
6385
6007
1310
7441
1456
3984
5499
1585
7883
4006
9706
9557
1652
7589
8041
9964
1092
4458
8638
134
8051
5507
8473
853
722
133
6438
7204
4435
3602
449
7520
7065
3823
9125
6882
2802
6818
846
1962
5264
2626
9235
4376
1582
9199
9083
9674
8643
7625
2315
3850
334
3511
6548
5404
2112
7591
598
2732
4712
7752
1431
5289
306
119
6406
3546
1752
4625
3725
1066
6083
3436
695
941
2466
5009
8555
7507
219
489
5865
5573
4853
6806
843
7618
7561
1947
3249
397
2138
4529
786
8728
4314
7698
8921
8020
4446
3243
4013
3774
9469
3111
8360
5408
5166
3422
2389
9468
5899
1268
8542
2716
5281
8353
5230
6360
8891
6541
5790
4440
3152
5086
9686
278
235
5488
3494
5639
8288
9869
5494
3633
8261
3312
8317
933
2888
4601
8212
9059
1034
7996
930
5282
2597
557
8223
5242
5951
8546
8267
1919
176
9403
934
2298
4420
9233
6964
2881
7173
423
7985
1404
6845
2970
8775
9942
5997
5512
1093
5898
556
7717
2397
5931
909
6242
2681
2839
2924
9236
8769
2857
2974
747
4290
3070
6140
3758
7594
671
1832
6225
6624
6771
5303
5662
533
9701
7323
8029
2250
5461
1438
6470
4468
4955
6801
6387
6246
7772
8581
8654
206
4327
6927
2880
8346
1396
1168
2791
2318
3184
7308
2907
2476
8282
341
8270
5053
2572
8590
7955
3414
6978
5212
4928
8285
5821
9016
5041
979
9417
4197
9356
5298
4731
9750
94
9737
8269
8861
6835
1930
113
6981
3768
8527
7355
5256
5259
3813
626
351
5738
454
3222
9205
1233
4055
7529
2568
3762
8623
6649
9203
9054
5923
3570
8743
6082
7192
6606
3892
172
746
4086
2344
2901
360
2323
6291
4401
9638
748
5567
5556
4048
7470
6141
6389
5018
6811
7177
1278
4841
4882
7566
7887
6399
6275
8374
1937
3125
5445
9593
381
5472
2490
4051
1733
8708
7515
901
4628
342
3851
7100
1566
3110
4085
487
1862
7390
336
4768
3882
9348
9466
4478
2887
9239
2324
3684
9692
8090
9618
7902
2127
7823
3956
7551
5170
7608
6783
9317
4414
5533
2442
1847
9586
1550
2260
9788
3540
3777
450
4536
849
6561
1653
1512
6884
3183
309
5666
4227
659
1902
657
2014
3731
554
9773
535
6471
8592
4732
7432
2423
7631
3922
6659
6141
2332
9190
9272
8021
7593
8840
8082
3847
5132
9966
4140
3342
5035
2562
3685
28
5567
6732
7646
4279
1118
5085
8852
6991
6343
6208
2427
6541
9886
1598
1242
4175
9329
5955
1676
8481
2279
8345
9287
1615
5754
4445
1490
262
597
8423
3007
1879
8667
7853
1620
5461
9471
1294
3554
1366
8569
8753
4909
2659
9882
3161
3346
144
8409
2359
5950
7092
6639
2902
6740
9271
8049
2204
1049
1707
969
7787
7904
6210
7248
1321
8309
6901
2486
6952
5077
1943
135
6279
6314
9188
105
1180
6618
5550
4242
9137
7677
1728
1063
1123
4929
5084
6074
3105
6692
3678
2619
4335
4456
1980
7259
4734
4734
7559
6085
1210
7382
7069
7586
8161
6142
2483
7491
8405
8127
4879
2925
6939
3946
4565
2564
4685
9719
8560
7184
6217
678
5402
8036
9453
9028
1507
9621
5553
9378
374
6078
1781
9460
7115
757
9193
3152
1947
4048
5830
6875
4400
9994
4704
5585
6588
5957
989
5019
8098
4034
8207
6381
2651
8160
2501
2537
4005
9485
110
8888
509
9439
8022
4706
1853
708
8979
8006
1090
606
9331
648
4051
9091
4148
1177
4748
1720
9221
2192
2224
5485
6938
7022
980
3095
7039
7834
5840
8907
570
3798
4805
6439
3677
624
3588
2444
7118
7497
5721
5055
5348
1296
7880
8567
9767
8705
7029
6704
9723
324
8102
8535
864
9631
2475
7407
6038
5629
5117
3641
7389
451
1336
5057
7546
9359
9203
6993
7755
3232
9176
2886
6111
767
7101
8340
3206
9950
9927
5896
9975
6431
8014
188
1029
8819
3423
9522
6221
1070
9918
7339
3998
8553
5679
6254
3719
8011
5020
3077
7538
4902
9125
8954
8454
3128
822
1388
2164
7220
242
2036
2395
1702
6208
8014
9723
962
3824
1314
7688
4381
4596
9990
7154
5052
7854
8007
7303
1247
7460
2979
3874
1329
9259
3800
9685
3627
2840
919
4206
8029
5474
5891
6521
2681
6234
48
7729
5105
2139
9021
2153
1640
4012
6545
4226
5826
2274
4913
7240
1009
763
2607
2871
1525
5048
5958
9803
3268
7376
6923
4648
160
9406
5618
4280
1012
4950
4719
675
9928
3609
22
7609
3433
3203
7813
1096
6120
1117
4823
7713
8806
4004
6218
4791
4720
6276
7623
5081
5624
2921
846
4070
1151
8012
6674
7570
8638
2507
8899
2902
172
3649
5295
8125
3966
4152
731
3948
3026
2290
3889
5730
1971
616
7287
3352
4254
1038
5500
3863
9718
9223
4298
221
5726
3678
683
363
60
7316
2689
446
4135
6044
703
452
6176
5413
858
9088
5979
1598
4934
3092
327
5833
3097
4087
6296
8854
2432
9039
3942
6888
4221
2829
2614
3711
223
5720
592
2325
9615
2421
7366
4568
3200
2700
1273
5167
1229
4896
3845
5340
6990
3549
4227
6283
6526
2629
356
7496
5994
9993
2711
4494
8268
5784
3143
7106
3329
3823
328
6848
1691
3590
4423
2530
1915
299
9143
8490
3183
547
3778
8642
1150
396
6824
5601
6405
8405
6964
5483
416
3496
3661
1511
5433
3984
8721
3790
7985
2829
4407
1560
3092
3583
2106
8400
2519
7589
7878
9499
6164
675
27
3889
5618
8820
2128
1614
8770
970
788
3004
9454
9920
8475
1879
7722
1958
4049
1814
6035
2295
3310
2435
6812
5211
8097
8391
1945
2730
6082
1689
8272
836
1916
5558
8554
9468
9341
9152
1667
6457
4554
1974
6594
2474
364
4061
5876
5910
600
5224
7801
5618
2938
9763
9063
5899
1250
5002
4108
6278
7641
363
8295
8589
5112
491
5467
4946
7826
6581
2942
2170
9929
4484
5262
2625
6539
1279
1083
829
5471
8193
948
2016
9159
2398
4629
7778
6792
9161
9326
4521
2527
4667
2826
4088
1114
5427
5928
405
4159
3175
2645
8977
3258
6741
7358
3650
7530
1342
5893
1365
8615
1599
6900
1016
246
3181
211
3355
1855
3342
2845
2182
7335
2074
120
3192
1726
2484
4249
8807
9148
9841
3369
8552
7348
7388
9811
996
9221
4426
5700
3635
2168
2733
370
3832
7820
2815
7123
4982
5777
5789
4966
1703
4380
5592
1036
6327
2095
5463
2488
4063
3844
1462
5707
6954
1444
2417
4112
5057
7556
5119
2957
1123
3299
3117
6070
6742
9909
7993
1311
833
6594
4059
2545
3783
2831
9651
5127
6252
3160
3725
6999
6004
1331
8012
2949
3283
2961
4764
3069
3086
4135
9879
639
7467
4834
2653
6836
5098
5302
8003
2885
8139
3783
9628
1077
6205
185
5607
9098
4531
7181
9887
7994
5732
1189
9643
8515
9106
9653
2090
5092
7434
25
6910
96
9285
9753
2574
572
8354
1997
108
7144
8122
5897
7189
6351
492
3434
3912
4052
9873
7859
2082
8544
4371
2150
9896
1543
3434
7931
8516
3691
9354
1672
4072
9057
6962
5221
5154
8012
3673
398
5424
6726
3045
511
3549
7372
7943
9190
6830
745
3755
9754
6354
8663
9189
9239
4773
5644
5932
5639
1463
5037
817
658
1783
9932
2870
7611
4881
2881
4630
1321
1406
864
1481
870
8263
6880
9303
3996
5962
9057
1905
9951
8182
347
416
1005
6748
8044
9881
8415
729
3489
3698
9383
9635
436
6427
2129
3088
7049
183
8177
1188
5123
9527
8308
2935
4183
4008
7096
1721
514
7968
8788
8441
7574
6745
4957
5830
3321
1197
307
1320
4212
1019
9228
930
8107
3864
140
6172
3681
554
7355
9867
8476
7003
2442
4891
3502
2514
7513
8812
3107
6191
3619
7510
5844
3431
859
5709
8530
7838
3265
2313
2454
4179
6981
5935
1345
7041
6647
2559
1910
9318
437
5689
7054
679
7687
9776
2988
239
4481
1414
9242
1917
9465
9823
5583
3752
5386
7158
8493
1220
2696
2005
4830
630
1197
8753
7255
7490
5313
9802
6699
7567
1294
6988
8585
7787
7857
7346
9917
6124
5132
1898
8647
8352
3070
9793
273
8433
2945
7278
1353
1576
7489
4455
2012
7518
3037
3374
6273
5752
1987
9301
4043
7628
1430
7581
3613
1697
707
7809
2963
8646
3187
5166
827
8577
3666
2703
9343
2091
90
4290
2626
7370
4151
4873
9000
6404
3247
9466
3343
8832
694
4669
5664
4442
1514
1304
1267
181
7974
988
3970
6381
394
5702
6874
2210
9752
7257
8689
6753
9233
7299
8711
2543
2671
2279
9851
5572
4255
6865
7323
9226
5594
2823
3439
6736
9858
6414
2836
7017
2158
8568
9958
8947
9003
2235
3798
2385
3362
2454
8964
2769
1233
6311
9045
5488
2512
6647
7528
5688
2998
6892
2349
605
1983
511
8739
6802
2975
2920
831
3916
6492
5453
9301
4052
5554
10000
7495
7406
9283
1859
6841
3647
5143
6824
4884
5502
1484
4878
1485
2227
7198
7213
5733
8339
5827
5823
8734
1742
522
3117
5066
4666
1728
9320
6392
1821
9861
2876
1602
8344
3120
9344
8309
8692
1423
4982
3829
9437
5940
1779
5945
995
6052
587
4613
5500
5024
1042
763
8858
2594
787
5180
463
2546
2205
3486
3474
327
1756
717
6163
5055
959
5633
9727
6342
907
8222
8855
7247
8631
6588
9084
5416
5855
5769
6358
1045
2154
1092
5470
6232
4383
5496
8485
8371
3539
2237
1911
945
404
9722
9522
8565
9813
4043
5255
8777
1803
8128
9708
1341
3382
143
2268
4890
9917
7531
6317
5648
4334
9963
5736
248
8035
9396
2379
2020
9785
6971
5225
9631
2705
2331
1280
9491
7036
7947
8546
319
7818
9178
6936
9821
495
1088
2882
3929
1543
6712
2378
7882
9483
3550
6820
896
9991
3745
3557
4948
3001
832
8980
7343
2112
8216
451
6891
7371
2163
8148
7681
2842
3652
4279
9434
6084
8210
5547
9008
1865
5998
5703
7015
5711
2342
4605
568
9225
2013
4689
4815
7917
4646
2598
2411
3344
9328
4276
9802
27
8960
5917
6170
5942
6448
9184
1808
1022
8224
3270
7577
1487
5372
6257
2093
7477
7969
4121
7963
949
8844
628
1998
5068
1015
8856
3324
4839
6824
3939
5979
2792
5206
6139
788
627
1999
6435
2152
9988
7885
4504
9498
2337
5516
1199
1129
7888
8548
9497
7006
5702
8127
14
9073
5702
6030
7232
8160
5756
7077
9323
4034
7013
7100
6417
2896
1324
2763
8522
8955
1179
5777
171
4674
405
9265
6531
7073
4157
7202
2924
8529
8145
7089
7588
9707
9556
2758
865
3886
4737
1234
865
9397
2132
2026
2823
6425
868
6707
9237
6170
6002
7760
1172
7761
4643
5001
2403
3012
3437
7642
8709
7024
5380
5780
6698
2409
7561
6502
8740
9604
9807
6429
8852
9857
2467
9746
2697
4179
5304
4391
5578
4403
5230
4904
2791
2390
1358
7298
8404
710
4392
1583
9839
3061
4457
6229
9979
3815
7261
5119
6626
759
1731
6413
1896
1693
2866
4666
8575
3101
532
6610
1109
7916
7225
4098
9640
6993
4835
5699
1004
764
733
6332
3404
7834
8412
8861
5579
9013
1502
3355
795
999
7559
3589
391
6219
9724
1064
6356
9528
652
8364
2056
4084
5619
4339
3270
9526
367
2666
3315
552
8427
6230
4663
7082
2523
7867
7477
5145
608
4612
2586
2807
4214
2105
4667
3351
5116
3258
2449
5204
7585
9295
8843
5129
7533
1633
9432
4873
1962
5337
6501
8657
531
4718
4163
7004
6050
4603
4144
5986
6332
7828
9949
8877
4176
4985
4537
9365
9184
1581
4339
9931
4215
6097
6009
2558
5906
9622
2743
5626
5638
3971
9616
4257
8322
4796
4431
6395
1777
1246
1445
985
1171
4487
7793
5890
7446
5616
2262
6058
1559
655
2893
6835
8073
418
1067
425
6098
4872
2511
581
9339
5099
1363
7584
9330
4384
4401
7795
3243
1463
9670
5190
3924
910
5641
5653
9284
7809
6646
5201
9689
4372
2729
1253
8775
1749
8807
4356
774
5196
2384
7541
8206
5667
2622
340
8934
9300
1520
6733
6980
7540
124
271
8165
4294
9739
8894
9407
1404
9766
2876
1380
5230
7685
7215
2843
6061
3992
9639
6367
9919
8923
314
2788
33
8485
7115
5597
3801
1452
8803
5732
1250
5273
3011
4089
8696
3105
1422
4392
9801
7284
1292
2958
5994
7054
8721
605
2309
1340
9154
4740
4266
4042
7219
4915
1801
9219
7856
9865
8727
9494
6714
9440
6907
3533
7504
402
438
24
7098
3541
3532
4337
437
7250
4026
3649
2074
5169
8737
7075
2408
3197
5464
9324
4594
5702
3319
5938
7123
6390
2256
8834
4462
8781
8768
5879
3685
7245
5423
5858
7300
6644
9443
9857
7701
3968
7597
8549
7428
678
5216
2473
4116
7911
1149
2419
6586
6273
4535
5701
6302
6201
4084
9610
4391
1246
4845
4420
4041
3082
5395
3294
1724
2344
4417
3078
6028
8892
9402
6318
5502
8595
8168
1833
7432
1616
7958
3916
1590
4033
1991
5643
8029
9704
3451
7439
6981
4557
1166
5278
5926
1943
9327
8278
296
3639
3097
6476
9813
1261
9618
5488
1026
1433
6290
7179
4642
4848
2348
152
8249
1155
7309
5023
7577
8756
3039
7191
4386
6755
8696
923
2029
3054
1254
1170
3093
4880
8081
9032
9415
1138
4296
8127
6148
943
3572
3699
5987
5127
1833
2148
2494
8227
8141
233
7628
9867
8944
7597
9829
8960
3808
6645
4370
6423
9818
3767
6553
3330
5746
143
9901
7470
7642
5882
9939
185
1152
51
4483
6777
4893
8323
6734
5435
4909
2959
1238
2759
3353
1634
8966
3298
8418
2771
1344
653
8355
4653
8982
6585
8530
7872
5370
1433
4508
7738
706
7147
7347
7048
8373
620
5614
801
7966
8485
2203
3698
7106
7808
8551
1576
8112
6647
2783
4409
2325
1655
365
438
5491
7401
634
1742
8502
9056
8434
8681
9622
8162
5812
9981
4784
8978
6463
8720
49
6003
3000
2098
4557
8696
5846
5624
651
4829
6489
3602
1405
1522
4488
5492
3197
6709
9424
9561
3024
9577
8491
3781
7833
8380
794
1336
8845
3032
9371
2432
4485
5929
3365
5716
3785
7393
77
4274
9226
7902
4589
8353
4436
551
8630
3875
9001
7279
2560
1156
7619
1414
6584
394
7483
5068
7971
3712
5844
5395
7887
9684
8182
8091
8571
7618
585
8222
4115
9434
3351
8061
5581
2742
9086
5444
1215
1207
1633
9133
7270
3646
2208
7365
7416
3052
5276
7615
6008
8818
3191
2992
9650
7500
1216
1714
6009
4776
6783
2618
1749
2983
839
9620
6350
3330
7047
841
9364
5316
9385
8058
7365
9782
8810
1621
3528
5589
4927
5713
1049
9953
2889
2096
9140
6066
7063
8959
5997
2035
120
8151
3144
5393
2083
8545
2802
5801
652
9784
8455
2517
2998
3587
4844
2858
3785
3893
5285
9903
1897
9342
6244
8111
7853
4496
3175
5807
3437
84
9019
4755
7178
1912
9207
8531
8139
7711
9698
5373
7797
9222
9890
6045
7906
9180
5466
2548
7843
6493
6639
1503
9091
5307
8385
6169
9680
496
6638
8316
2726
1025
2398
9957
2317
2529
8509
3547
303
7515
5753
290
1418
7865
8007
9268
59
9806
4343
952
1398
1344
8052
6482
7785
1837
4697
4534
8764
8733
2205
9398
4618
3630
7627
5168
3153
3084
4511
7356
3237
4826
7531
168
2619
4013
1160
7406
447
6193
7215
945
7447
2140
2822
3841
9642
2388
9631
7238
6315
5381
7635
501
4565
4419
1136
3255
7117
8374
4788
1439
3760
9097
9082
5886
9101
2651
1085
7875
7648
1047
5905
5998
6675
8583
9445
1034
6466
3199
4616
4310
6817
9793
6180
2552
9879
9119
7825
8560
5211
6862
9389
1706
3770
3683
1093
8007
1463
2228
7692
3123
2736
1276
8675
5772
1367
6780
2678
9553
4937
5742
6030
8671
4757
9239
2064
1476
8462
8178
1382
9809
2415
4410
1472
4234
4265
1523
8498
928
9152
3314
6804
7638
8170
1469
4084
974
2933
5172
3680
6229
2330
4289
5629
4101
728
2528
4024
6268
1014
2079
1229
2946
9488
7364
6654
2224
430
3498
7871
8500
3562
6052
1666
204
1676
6964
1859
9121
5122
7839
6393
6091
3732
5652
8342
122
4418
4654
1382
289
3416
1547
6473
6507
95
718
892
5764
5542
3875
3720
9101
5881
4094
3556
1522
8271
6312
5973
6503
4935
3261
2114
9662
8085
7873
6287
767
8520
6859
7375
8333
9566
4933
655
3749
7118
8194
1180
1831
2057
8135
3175
5103
8000
7703
6710
8790
7364
7456
4634
6508
6864
6406
1095
6661
9732
901
1308
1340
8574
3987
8581
8459
3164
4433
8295
4711
6827
9411
4423
194
7622
1899
8907
361
5321
8330
766
828
1143
999
3618
8834
9710
7829
7268
7063
62
3079
3985
9183
2736
7360
2638
3477
3797
8701
8094
2119
2613
7720
2769
1086
2082
4032
6205
1967
8320
1568
6910
4672
2333
1574
666
8525
92
7522
3268
6580
5344
8835
8668
2653
7070
3815
6782
5775
3055
5012
8883
4260
5075
4271
2260
2750
1399
4255
2192
8508
1698
3493
3917
7395
1857
8109
4901
1021
4500
8439
6712
223
899
5834
738
7724
5735
7392
9451
4752
3142
8488
4433
3644
8805
3243
7309
5708
9310
682
9977
6892
35
1445
5048
6093
2463
9152
4807
3500
9697
4197
2704
2185
4907
9443
6412
679
564
5629
2623
4871
9247
3624
8419
2760
7853
7177
604
2246
4919
2186
2792
664
3089
2226
2891
7174
8380
3556
1166
5567
7708
8907
4516
1106
9130
9543
9158
4827
4848
8973
2299
1587
4500
675
8011
6302
7339
3960
9063
1884
851
9601
4814
353
8948
7182
3990
4154
917
1069
9994
385
5031
2006
7127
6655
9913
398
1234
7404
7747
3555
6977
9380
675
841
7345
4876
9414
9772
9097
5944
6898
1449
4266
3938
8430
9127
6606
69
5029
2184
8510
5234
9517
3810
5080
2302
994
8219
3602
4021
3439
7431
1860
4021
3741
7177
8377
7247
5018
6026
9475
9686
8120
3422
6489
1441
7998
2844
2457
3007
5962
6061
958
2744
6261
8387
9474
5584
8062
1684
6038
7380
1995
8724
7160
609
8389
3226
6498
1957
3966
1678
3455
2414
8187
540
7914
4639
7393
4009
3173
867
4554
3303
4155
1827
4556
8083
4276
9894
1242
457
1820
471
5513
5225
9814
8023
479
5447
1281
5031
4173
3550
6362
7068
6070
1980
9865
4640
5862
886
1835
9058
8618
4460
1285
9326
2279
9676
5647
4368
1359
6566
3721
2893
4206
1550
7082
234
1860
7266
4632
8337
5017
9903
3053
559
5106
8783
2109
24
2177
3923
3501
1659
461
3272
4526
4514
7840
699
4856
8885
6652
360
8034
2918
284
811
2531
9587
5181
1021
5271
1731
8343
4678
7209
7117
4298
887
36
9153
6378
131
2330
6905