6700
4240
3295
220
9360
9576
112
5082
4455
125
8271
1299
120
2783
1102
7652
5915
7210
1707
221
1807
1060
1045
4158
175
405
4986
2174
4528
3329
3434
2095
5488
177
6229
5090
7929
5111
8181
2601
8116
5902
8819
2871
3508
8722
5947
72
5038
1257
1129
5254
5565
9258
5821
8062
6771
8440
7903
3011
5903
3691
8990
2905
6708
3312
1271
2815
3593
4416
4628
9045
3238
7859
7390
1662
5429
8802
7030
774
781
6713
6230
4371
3292
9179
8158
8225
4459
8764
8401
777
7319
7469
5092
21
7731
643
8394
9162
7504
523
9995
7294
8099
2022
6212
5615
5773
9268
2762
5728
2136
7321
8632
7079
9512
5636
5076
6926
8040
5308
4603
9827
6982
5361
8192
7283
7322
2268
176
8417
7587
7570
9636
8097
6855
3498
4006
233
7291
576
8419
9096
7779
4708
1197
8828
4535
9056
5845
8756
6580
608
7405
131
363
3445
2526
877
8957
6275
7012
8683
6822
5842
9794
2199
4572
1598
5034
6550
9371
4256
1587
890
1295
419
3853
7418
143
4408
9950
7658
5636
327
6885
948
7784
2543
3293
9181
3282
3047
4147
8009
4968
8249
6240
6379
4488
2618
8352
4702
8620
9374
1432
7466
3169
4038
1713
2916
5834
5180
7645
9009
8060
432
2716
9750
8545
1908
2216
9991
9501
3117
6849
8851
1822
6806
7043
7692
6857
259
9207
5971
3124
7146
4683
7346
7791
8605
6483
689
5989
7477
5080
4818
1378
4144
8728
4774
447
2188
726
4553
9564
5511
3500
6824
7546
5237
2633
210
1270
3243
3491
6542
4177
856
4887
4104
1868
1151
1049
2510
3265
697
759
4780
2206
5019
8502
2657
2879
3557
560
7895
2704
24
6406
5869
3455
9710
892
2625
3119
5480
135
5908
3702
8857
8548
1394
5916
9530
2925
5196
9050
6516
2255
2068
7295
5545
5322
1633
605
6334
7839
1342
7193
5760
3049
9922
7763
5158
2016
5550
6274
7104
9343
5551
8351
4372
1761
5318
4766
6061
9733
6108
5140
6197
3988
2096
9835
1735
3942
3189
3928
2122
1264
6999
5416
6981
1950
3969
5227
7514
9914
8171
8621
8883
8578
4500
4529
6065
9947
9797
7790
833
4932
2602
2007
2591
8418
3668
3118
4473
236
749
1242
5742
8662
8968
5650
2155
2530
2856
9396
801
2431
1402
6018
3321
3176
9342
8045
8430
6046
9564
610
2211
8651
9998
6514
4804
9164
1860
3093
6228
4053
3294
2438
9718
662
2802
3807
9918
3726
4961
881
1274
4162
5726
3709
4155
8517
2584
8755
7717
392
7332
2252
537
4322
3519
8809
3549
2282
5371
6163
7293
471
2777
4101
585
7436
6486
9690
4320
4168
7057
9897
6345
4791
4495
9753
2017
9158
3534
4993
5442
4412
1845
2117
5992
3433
2309
647
260
6542
3517
3397
6912
6926
488
2367
5600
3409
3418
1802
4126
3643
5187
8900
7286
7553
2666
5944
407
4005
5445
1620
8167
5611
3130
2898
5616
3400
4753
301
1688
5774
6061
7458
4664
4523
9569
9686
7151
8030
5450
6766
3567
7299
2201
575
8790
5745
3377
7767
4193
698
7118
3365
605
1570
9996
3791
1698
3369
2373
6788
2832
9816
5206
5131
8985
9135
1471
3175
3631
3576
2607
45
2510
5669
5769
9548
8670
7800
1266
727
8887
9245
5167
8731
6925
5256
6809
6503
5486
8522
9301
3490
9685
5006
3648
7352
9550
3250
5075
89
4180
633
2340
5086
3040
5641
1762
41
5577
1707
3511
1225
2873
35
5785
5791
3199
941
9145
7188
6777
9406
8912
5950
859
3880
6898
4745
854
5329
9752
3467
2677
7934
2817
1585
8365
208
8527
750
2545
9466
4354
3100
741
6171
5518
7807
6123
8532
4269
4466
7839
1478
2728
5923
5969
5472
8756
3702
7334
1538
5145
9312
3394
9357
1387
6231
7370
2854
9904
9106
4388
696
6474
5306
6180
1346
8083
9300
7385
8464
9455
3019
6611
8448
1298
1060
5567
8552
9098
5397
6224
5951
5886
8075
3539
1803
6171
7054
7954
6948
2943
3579
2439
6218
9035
3791
3553
3522
1861
5384
5832
2915
133
6352
5518
4989
9236
1177
6470
4944
8118
7258
6702
2792
5272
3098
121
4918
4552
6621
409
9259
6812
5523
2402
5240
5799
8567
5283
556
8791
9920
7837
6209
2145
5871
2474
1976
9523
7242
8795
6762
7335
3615
8072
8967
1796
4140
830
2419
8030
9915
9260
1054
9792
9293
2721
4526
7720
2462
4263
6017
2349
5761
227
9746
7972
3059
3650
5893
7543
6343
6113
9241
7409
1094
9253
7605
1171
2634
4350
6735
5843
1941
1733
2731
4032
6002
2330
2142
8010
2392
1897
3715
1491
6850
1027
2095
3552
6357
7407
4739
52
8373
5497
45
4460
4682
2206
4294
799
242
461
2887
3580
4275
8338
1341
4910
5127
4870
5997
537
2432
5006
4624
8426
755
9877
4164
1389
4347
1286
479
2822
3043
2407
2201
7254
5735
8062
7678
3735
7576
3977
9548
3771
6732
1652
9648
8681
2150
3069
4134
8208
9887
9460
6906
1248
5060
3955
2263
331
715
2459
8581
3174
5818
507
5754
5015
995
6292
8510
8833
530
1803
4530
5796
9646
8866
3951
3743
4918
4995
2468
6869
9899
7156
8803
9831
120
6082
9217
3165
6997
991
954
2593
77
7144
8082
332
5560
4634
7164
4829
8119
8995
8648
7401
3392
8738
2328
3906
2574
7786
7563
3312
1065
6609
5399
822
9084
2967
6018
8535
5438
9101
1658
5029
8982
7716
4606
5032
4200
3040
7146
7351
5361
4355
3445
7930
3875
8784
2106
2018
3386
2543
7166
8798
6795
9289
1452
3439
8843
8699
7083
5672
3337
3753
8917
8583
5595
3101
6570
1496
9914
7583
394
2544
7168
827
9275
828
5012
1412
9242
9369
1383
8306
3119
1167
7154
4782
5992
7737
2188
6105
4455
144
8533
5402
4676
146
572
4012
9167
1387
6968
5509
6963
7049
3251
1359
3552
8401
6058
2219
2593
4076
5559
4789
7495
7117
3687
5735
7186
4691
2414
5166
5615
1011
9544
1900
4977
1529
1076
5471
6850
2997
5222
5422
4349
4248
3856
9121
5801
559
1829
6698
1321
2721
3993
8777
4117
5390
7611
4339
787
9671
2714
1649
9570
9113
6526
2650
5052
8869
2084
5852
9956
8846
2150
509
53
7802
5022
4790
5683
4475
4053
8336
2016
7002
3562
9321
2636
8910
3237
6684
6830
5587
7877
4544
411
7044
1145
2429
1439
3332
6970
8256
8254
1248
9452
2592
7289
1776
3142
7859
4914
9152
5205
5343
6761
9742
5238
3634
8226
323
9814
4450
3283
2688
6752
4338
2034
3566
9403
9969
7016
2173
4350
3836
3320
7445
6717
1612
9035
7289
7598
871
9147
5994
2208
7088
9145
8631
1292
940
1359
3289
4500
8780
6772
4369
7398
5668
6004
1641
6689
3070
1054
6702
5891
8692
8790
7476
6359
4873
3837
2209
1299
3400
1736
1530
6953
9025
2179
4067
4308
2109
9412
8709
3285
2292
3135
3299
2438
1737
253
4766
7321
6794
1184
6778
7333
4535
443
1146
6352
7799
7715
2866
5189
5011
1444
7595
9672
2212
7498
7380
443
4351
195
601
2830
9565
1619
6128
5324
3377
7037
5988
2805
376
5954
321
1447
1260
462
9759
4946
9302
3041
5830
5486
1760
9220
8418
3903
7115
9508
3162
225
5618
2280
8268
3816
5071
7533
178
407
6962
332
880
9367
3422
4324
5852
1732
2529
9011
7330
5902
7642
4528
1778
5484
8828
8223
5127
610
8157
9043
9826
1054
8264
4864
1485
3145
9911
6088
6122
8787
596
601
2121
4001
7304
6882
2190
5144
4898
9533
5639
7966
9743
3856
7961
368
663
8226
8752
3506
7738
5569
7412
1718
9301
7175
5436
3704
9255
5280
2789
3612
9713
8497
5434
8485
841
9414
4884
8384
8193
7550
5918
6451
704
6535
849
7221
1193
3150
3376
2450
1870
5122
7556
4020
1294
2610
5268
574
19
5942
3089
5591
5972
4096
8304
1125
5117
7932
522
908
7040
9009
346
7616
8831
1601
2724
2335
6561
4443
2281
4486
7177
7674
8153
9171
8143
8977
6265
7248
913
4634
2898
3104
2435
9678
638
2243
2436
7497
2329
9529
9760
1427
9930
8908
817
4939
8238
115
4571
2570
3355
9874
9074
7435
7817
7444
4403
4848
1644
108
8356
4066
9834
3608
7806
4090
3641
692
6137
3366
6143
7438
2490
4013
5527
8741
5447
262
1381
2691
5800
5363
6848
2121
9596
4901
4279
9513
3320
2993
3128
9391
6364
5989
3042
1219
4929
1951
9208
7997
945
6254
8883
2898
5460
6060
3052
6391
9339
4054
697
2707
2790
1607
7561
747
6382
3712
2470
637
2562
8348
685
2698
6179
4886
8083
5710
2466
8040
8977
9971
8816
4189
9715
6037
6525
578
371
8399
7170
8174
3629
2413
1158
4173
4075
1870
3800
5956
2616
7982
8065
2680
3585
3514
2586
7100
7413
9087
6485
8984
6485
3425
7581
9040
8
7886
8082
6868
9638
2351
8851
7416
5587
42
9793
1003
7375
5147
2604
9200
3676
7292
7972
9618
1448
1550
2080
6205
4510
1516
7959
2878
5517
5890
758
8999
1729
2658
1076
4138
2940
7203
4003
5864
2986
8268
8202
492
9911
4555
6209
1301
8276
7336
358
586
9593
4337
5723
5080
9537
765
6815
8341
6426
9945
6003
2270
2073
5254
1493
8263
3740
8504
6273
6664
2090
6221
1813
6307
5684
4594
588
8302
13
5765
7606
6001
9748
6439
1306
5683
4825
7534
4498
8187
3960
7015
8288
1219
3631
3321
4347
5916
9169
9848
4931
4304
2423
802
9873
7513
8737
927
3648
5183
8920
6599
4803
9967
3447
7925
982
2399
922
3787
7021
1666
3659
5726
7869
9041
8184
5312
5795
7701
7706
1781
7020
3290
7220
7993
5495
7712
9450
6819
7220
135
3230
1182
8067
4001
4181
8366
3719
3832
3366
1924
2939
5248
8574
5835
8788
409
1162
6698
2975
120
4718
6719
8551
8591
4140
6592
2980
9894
7909
6345
6024
3967
1290
9157
3752
4684
1371
4665
6542
2662
1964
5812
7717
1555
2760
5757
2473
5889
8712
1613
5046
5911
882
2253
9001
6253
1854
8180
5798
1084
1237
5247
7470
6998
4106
9604
9464
8243
1948
295
5701
7975
6359
5417
6423
4975
7834
4166
8551
6234
7710
1376
5695
1145
96
1593
3778
7535
7259
3720
518
147
8055
7137
3606
6125
2289
9282
9894
4726
634
4377
8641
7379
4897
411
9037
4452
3529
3747
6926
2742
2799
2551
8186
3888
4411
2739
1013
2990
2582
7906
315
4150
4141
5088
7418
4472
6995
5781
4816
9945
3530
4774
2447
5303
7886
877
1181
7897
5099
5048
1622
683
5130
640
1601
5882
8434
4726
5164
1360
9970
9303
3555
6972
3176
2577
3262
1521
8051
8765
2367
8846
2596
3699
5771
587
2938
1402
70
2292
9876
7976
1274
2754
3316
3899
9757
2541
9133
8364
1470
5553
931
6390
1598
5987
5824
5591
8293
4300
2290
113
9461
9510
9711
633
7655
2963
4251
3774
3698
8792
6667
2447
2092
4540
5255
3451
5673
966
2225
2936
512
9644
6717
5737
5410
8987
6387
2388
429
7903
2623
1394
5416
6028
1439
386
4454
6557
779
2614
2366
9691
3489
8041
325
7163
2945
6351
4703
4701
7921
3192
3360
1377
2642
4492
8604
3578
4347
4750
417
2944
2135
519
7768
9788
7810
6181
682
7085
9523
5958
3868
3520
909
3467
3810
6236
6239
3406
5936
7099
3502
402
8666
7091
7235
428
6539
4628
5841
3332
7197
4114
5073
9619
9221
3778
5182
9164
4499
4757
832
8900
1049
9133
9024
593
8525
5787
4436
6403
8973
7463
7424
2018
2169
8767
3746
7982
2981
2307
4760
8071
8095
912
3954
3710
2452
4494
5643
6489
2337
2099
7446
4896
148
7092
7892
32
1657
1357
1407
4268
2642
8103
8143
1198
4696
5636
7471
7180
3592
1709
2871
302
7672
2616
8112
8972
2258
7379
702
1702
4715
6135
9352
954
3767
9340
5257
7704
3979
271
2782
9103
6120
8825
7248
5822
2298
1140
5857
490
606
2176
7175
2984
8889
1381
1320
9407
701
5306
2976
7839
6052
6376
4699
1909
5100
3180
5879
4449
7043
7873
7820
2530
2133
6084
6689
3568
1243
4946
3239
4395
6808
6604
3359
2165
4355
6584
7296
4075
9906
1849
8621
5041
621
8058
5819
4134
738
671
4003
8977
7433
7430
5220
5236
4429
3820
5344
761
8665
1158
8042
9192
6140
3097
4433
903
2300
1966
402
1222
304
3861
4377
1947
3926
9088
2633
534
540
4388
3170
4625
9842
8860
6621
4662
1673
7223
6436
9637
2056
7885
8078
2576
5941
9692
3299
2041
4682
3997
3504
5401
5182
710
1093
7891
6372
5124
9846
8618
9296
6650
3488
6965
2341
7116
3219
6802
4275
2291
1334
4486
6844
2070
9035
8024
6834
7795
2377
694
6169
3518
7960
8630
7990
8131
612
9271
1553
1965
8131
7565
2314
8185
9112
5470
1518
3168
6119
317
6701
9984
9823
6560
6189
3780
5923
1748
869
5473
1221
9329
1326
9784
35
7426
6842
173
1609
6522
3802
8321
5549
1631
362
9576
7546
20
3574
5162
8615
5502
5200
8148
5848
62
8362
794
9697
7483
391
2837
9524
1005
2754
1690
158
484
5118
3363
223
7713
5320
1167
1494
5884
3903
1505
4825
3991
2625
3287
2636
3311
744
1216
5782
4907
6240
5710
6547
3507
4467
9404
789
5026
7642
3996
2062
3137
2454
1075
4427
8923
9
4014
9507
9158
3053
3836
9389
1600
1600
4021
7789
2078
978
2150
1005
2621
3622
2462
1038
4680
2508
7166
7281
7827
194
7763
7489
9143
2630
2898
4677
9003
9378
4277
4124
8278
743
1514
1502
9798
7466
5932
2326
7588
1802
3466
4601
5216
3040
6622
7957
2333
3853
5625
576
5357
1193
5854
7074
5245
5704
9906
4744
4317
1238
4959
797
6367
2631
4737
261
375
3156
6488
5221
279
9515
3296
650
1592
9517
2302
4166
7132
7846
9704
9318
942
5009
7978
435
9966
216
2816
9730
9665
6050
7139
3381
4854
2966
7468
1810
4343
2918
1044
1158
5585
4080
172
7811
9863
5276
6609
3799
2852
3762
2199
279
6589
2887
5717
5843
5052
8588
9936
6733
2377
2081
1621
4458
6480
5411
1452
4837
7396
7756
7273
7881
4113
2301
1123
8261
6758
251
6695
9822
3021
4062
1785
3783
8276
4041
28
2744
6478
3822
9250
3086
4007
6698
1289
8076
9251
1818
1907
952
9027
6293
3605
8267
3072
8247
3751
831
2675
9120
5340
5123
4927
6279
5539
815
1776
9496
6468
6036
9130
1984
1777
3697
8575
502
6318
6421
6787
8551
154
3587
4764
5510
1949
7302
6862
6865
8645
9799
5677
1655
9571
4239
1092
2404
3362
3739
9804
9605
2902
9478
7464
4446
3122
8387
8491
3309
1331
1425
7244
8867
1424
1982
7036
1430
9233
93
6664
303
5526
9784
6336
8284
3774
1880
688
2670
6948
1246
1686
8025
1724
8157
9230
7147
5728
6508
7809
502
1368
3448
9605
5259
8503
2610
9668
7283
3433
4181
4850
5488
9919
1403
3432
6242
9857
161
5639
2359
4672
1697
8258
3643
3007
5310
5978
379
1643
2006
6851
1163
4184
9248
5766
1129
1514
197
8802
2208
5578
9570
8658
5538
6590
5363
7807
5974
6113
2620
3896
8309
2310
7868
6658
6148
2662
1943
789
5903
5246
2936
785
460
5754
9334
9056
7132
5302
4787
8765
8682
400
1697
5523
9882
2036
6426
4734
2553
6504
5425
798
6694
4393
7668
7824
8756
1346
1872
1294
5082
616
8868
8529
9327
2233
2497
4189
9374
1745
9864
4589
2664
9673
2766
4908
7257
6174
8369
5082
5139
6263
1286
2399
8211
5366
8337
7740
1319
873
4224
2610
1483
2628
9109
8237
9845
8843
8866
3098
6672
2115
7792
2843
8798
5215
4296
3746
7204
9685
7774
3583
8085
5669
5206
6177
4366
6506
7160
2411
7029
1464
410
2624
1962
2279
9217
7833
3791
7783
247
387
6757
295
2086
3352
8210
4554
363
7553
2396
5566
3030
6566
2716
5241
4253
1050
2762
1551
695
4206
1522
3246
9773
8223
9426
190
9269
2754
1515
1123
5310
8068
351
3926
7446
6370
1266
2010
3357
7899
2789
3711
1959
8056
4202
8439
4082
3817
2211
1550
8700
6919
3377
5283
702
9615
5285
6484
2631
2267
5474
9050
3037
6427
7875
7591
2394
7260
636
7598
4637
4962
2643
2345
2453
9384
6277
2495
7654
5835
9913
9839
8338
7043
2149
7083
880
1838
633
8097
9078
3969
5727
2771
2854
9448
5040
2642
2543
6331
7613
1980
7804
8012
2914
4922
1702
9907
3747
7044
9751
5773
250
1970
7930
6497
4522
3772
6609
7735
4442
7909
4621
3198
2613
1215
1741
2191
2848
8939
4385
360
733
9570
5623
9043
4815
3726
5307
2052
3221
5826
2320
5578
823
3358
5079
2227
2235
3471
7530
9669
6513
6979
484
6021
6660
8716
796
686
9023
2063
5718
5050
7149
5233
1524
3216
886
6714
9489
7736
8820
8467
6036
892
9434
3160
6597
2205
8132
736
552
3291
1422
11
852
4018
892
2397
2837
3895
8118
2565
4621
494
5619
5605
6799
9304
7997
5760
4642
5279
1872
5360
7943
9263
7952
5716
3544
1324
3874
6543
1331
3641
7924
3078
877
1121
2027
7389
8287
9993
4364
7887
9661
6747
4909
3525
1468
447
7845
9435
5379
2344
538
6679
5939
7033
5867
8617
8426
8451
181
1686
6664
8408
7315
2822
445
1442
5055
9677
7699
5634
9079
1637
3751
6313
8912
3245
8146
5962
8438
9821
9171
2552
6711
7667
2854
7117
4176
4935
5254
8114
4692
8834
2719
2679
3637
717
2095
2872
6617
314
2139
4901
7652
4571
6471
3805
3765
6019
8439
3789
585
123
3169
8866
2640
3635
8669
1690
5247
4955
8733
340
9378
7426
1009
4010
5726
6398
7282
4821
3804
9114
5004
7580
4067
6456
4334
1925
120
5829
4981
2432
8676
7494
8352
3900
8550
512
7059
3172
1956
4870
6696
6864
5257
7999
8272
6227
5704
1154
5238
4158
4805
5503
1864
253
2196
4874
8523
9267
621
8470
479
3130
2395
2408
5143
9326
3020
9249
3324
1851
8017
9794
7922
1126
7832
4854
3694
2971
6504
7769
6477
38
5477
1487
4934
8571
1869
4785
2210
4388
8552
1491
2498
5624
3516
7337
714
2084
3514
6731
3387
1291
3757
5386
7393
1674
7714
542
4057
8989
7451
1289
8499
6526
2172
7209
6540
7162
2410
85
7963
4884
8322
2887
1305
507
3593
7856
1783
9166
7237
8188
3318
2478
9447
6245
6028
2602
4326
392
1010
1111
7005
2419
397
9668
1165
2730
7328
9538
1218
699
5726
2924
2701
8624
3954
7048
872
4018
4965
1793
4413
7613
1103
5432
8744
1001
1614
8681
4387
2619
5316
3572
6592
5964
1701
6239
5679
5670
7989
21
5838
2267
1693
4496
1907
2973
1751
3251
8742
7195
1965
3334
2315
3658
4624
3671
7055
1562
420
297
1406
8180
4865
7248
6490
718
1749
3438
5454
6974
9651
8826
4989
9483
8595
3441
1527
1247
6073
630
2651
2220
9440
5713
4055
312
9801
8925
6187
8188
6753
7868
5003
6743
6860
3027
1196
6421
4097
9433
8687
9749
9471
5711
9125
5566
2438
4739
3241
3949
8217
9664
661
9940
8698
2944
132
5810
8132
5840
7803
9267
5606
7296
1188
4525
490
6517
231
9689
6059
3889
8903
825
8862
6093
5091
7347
4704
799
630
6089
6355
2355
7808
896
5228
9201
4576
8148
8213
79
2381
3060
3553
5794
4109
3822
9755
9301
3602
6218
5643
1024
3052
7688
6643
7820
5205
3241
5121
2408
6554
4061
464
4029
6718
6808
7231
4804
3638
5361
6833
5440
5331
6624
3280
5374
2616
5479
3166
6878
5471
4780
8965
1438
4138
5607
3735
10000
759
3934
9149
9734
5341
8637
3230
9779
7770
2874
318
1682
9901
2488
3227
7263
9211
3583
6811
2661
7657
1074
2026
8166
6368
3282
6542
241
2617
1578
8527
4968
9411
5288
9791
8521
9335
9121
4266
5440
8059
9879
7429
1612
8122
7199
7799
615
7587
7978
3644
2957
7215
1790
9743
5211
4939
9621
8201
4422
13
850
9247
6259
7579
6695
1522
1599
6010
2026
8262
784
8670
759
4396
7392
4556
1183
3153
7361
210
2977
4817
9757
6167
7645
2006
2657
5264
5330
2443
862
7722
2529
8588
9138
3577
3521
6790
933
2032
7374
4737
71
2506
7155
8878
3312
1094
960
3684
7630
2273
4065
2012
8808
423
2250
2098
8475
3469
3181
4666
4944
7638
5167
3798
9014
4994
8193
634
5824
1037
383
6385
5543
6490
1426
8945
1112
1788
4160
7719
410
1422
6076
3253
7556
570
1904
9960
4839
318
4679
568
5043
5379
7553
1006
860
6637
3740
6230
5150
7580
1058
9899
5873
2373
2749
5040
3328
2258
7152
9043
8942
7201
3788
2474
2082
3446
2031
7230
2946
3415
2180
762
9353
2654
1457
8151
9131
9172
4740
5820
2776
7144
7772
2343
3868
1936
714
6107
268
7800
5000
9438
689
344
4831
6275
7708
6829
506
2054
8103
561
3115
5288
6491
128
5507
5797
6269
1682
3699
2757
2072
7693
967
3704
1611
290
6508
9226
5198
1934
6964
9069
5974
4023
2512
4596
485
3043
7593
6963
2032
7128
6270
4518
3548
100
1241
4188
1445
5566
4766
8350
3330
9623
1109
843
8951
3946
7573
1712
1181
3363
7033
9594
8950
9941
5128
5011
184
8752
9369
487
9452
6644
475
8219
4813
8624
6412
9549
172
665
669
5402
764
7657
6134
2309
8277
842
156
7779
3663
9402
1739
9767
2212
6182
7961
4003
4631
2749
6048
2714
1844
2426
9647
7594
2605
3494
3343
5297
1768
4331
7738
2876
3560
6575
7586
1043
4897
2463
7619
3131
4542
1688
4106
1254
7271
8723
66
4001
2863
2539
1830
4068
230
6041
527
9593
2190
4515
5601
9286
4811
5486
115
1384
6952
5113
9394
2894
5894
6910
3656
217
5048
2824
1158
2504
8221
557
325
3366
4713
7742
1591
7116
8915
9828
2245
9774
5851
8548
2024
3648
2636
3441
2296
7806
6348
9117
1782
6831
9445
4232
6862
756
9879
3044
974
5486
9475
6030
8659
9097
9396
1688
2811
2890
5592
1238
1914
4627
6036
7515
4471
4136
2069
4840
5429
5262
2598
4839
8001
7815
4304
6178
7393
989
8317
863
8186
6632
2320
6727
1051
2927
2212
7564
1042
2165
6818
8350
1645
4675
6244
5843
6597
788
3473
5010
3474
7711
1201
6417
525
2470
4939
6958
3624
2517
5851
6696
3452
7078
9643
2796
4430
196
4619
7810
2210
7286
2900
3446
7214
2501
6913
9343
1725
6502
8228
9882
843
3999
4553
9820
7462
1720
1010
5828
9586
9424
3446
8279
5491
3886
585
1553
4769
7291
1249
1385
1918
3964
8605
6209
1448
4531
5191
954
6170
7111
9283
6980
167
9679
1195
2960
3141
3056
9524
8197
9700
4384
6533
5640
70
4145
791
9141
5095
4659
1605
5656
25
8860
311
2947
3530
4327
4283
250
5611
5679
4575
421
9717
1567
3709
2718
9328
6249
9333
4680
7898
6821
1138
925
8966
8851
3872
3484
4288
9615
569
7500
4280
1019
3802
1335
2486
6111
2792
3298
5171
6912
3582
4648
5165
9437
2566
747
4803
5960
5954
716
8426
8657
4718
3355
4493
9941
1787
5756
4629
5797
5436
8452
1750
897
8433
4255
8619
7782
8355
4299
4488
1397
1114
8357
7643
3207
5503
9518
5670
8096
6638
2732
8406
8900
702
6414
8585
9811
9493
5348
5746
5608
2157
2786
3066
3236
3758
3733
5864
6497
8012
5012
8743
6078
3522
9773
8072
4575
1877
7897
2920
1248
2815
3362
6543
916
7358
4385
5391
4795
5584
9426
789
1402
235
2781
3718
8029
5652
9769
175
3441
8421
8051
4285
78
9129
2349
3546
6775
6428
2439
956
9249
6614
6468
1820
9301
545
288
9567
655
2276
1973
1415
8906
4423
3089
7068
3942
5768
3936
471
4320
5988
506
6598
1618
5636
7898
121
7379
6594
7177
4140
8585
3710
6204
5325
7795
4116
8259
3065
388
9637
3619
5032
2689
6618
9643
1429
1517
3884
5599
8467
5869
9717
2222
2419
1900
6281
9536
4691
7379
8192
9791
4591
9299
5700
6407
3684
9867
6861
3376
4851
6144
2494
7211
4299
9477
9342
6955
1565
653
5790
2451
6565
2200
8893
4541
4773
6704
3469
3416
8760
957
5314
3675
6052
1296
6909
178
4272
3171
919
3711
3567
6446
4656
2272
7812
8335
464
4951
6622
2918
6096
4608
9443
9004
5440
1005
3372
5740
4490
1608
8013
626
9814
8758
8866
8616
1770
4257
2736
5522
4199
9182
8566
3162
8104
9302
580
6225
9350
5310
5755
6259
247
15
1090
3016
4044
4551
7699
2815
1359
783
3090
4574
6666
6280
2605
6830
9684
8633
4025
6541
2199
585
6228
6581
6674
1262
406
545
6508
5690
5845
551
5071
2907
7703
962
5332
5221
7695
6101
949
5747
8330
6695
648
4775
25
3136
283
6876
5176
129
8249
3635
3989
9447
3649
9407
1751
1972
6830
7433
3837
6440
7988
7335
5578
2418
1142
8690
3099
8783
3568
8826
6662
7309
6002
621
2485
7229
5524
8465
3291
6841
5146
49
3244
5632
3769
3616
4692
5396
559
2159
8306
3816
9015
5342
9141
8755
1419
8156
9231
7618
6902
8102
3711
4636
8855
6752
5834
6008
7244
5860
3923
6525
1573
6783
5292
2086
1703
3535
2610
337
7393
5901
2246
206
6833
4425
3543
26
970
6117
1946
5056
4897
8128
6362
4225
6292
8753
2507
1896
8430
2484
3535
3705
5119
6186
9015
6392
7426
4067
2441
7544
45
3032
205
6475
6811
5516
1206
3529
6764
4210
7330
1038
6728
8076
3087
3121
7820
8918
4686
1543
3352
3329
7259
3302
8167
4620
2408
3619
1917
9480
1688
748
8163
2382
2512
2990
6450
2637
1942
189
6065
3762
6255
4202
9513
3866
195
6419
6742
32
9237
6115
5933
4249
7705
7507
4871
2901
5114
7008
5993
7402
6150
4270
4892
1550
5166
9209
1886
9832
4622
263
9575
4441
5291
9825
1562
2203
3745
7379
6022
5899
6379
9532
7980
4763
9288
6919
4383
1651
7543
4626
490
6091
857
4786
3448
9354
7031
6269
5728
8464
2897
1922
397
5894
3128
5394
7611
1978
3144
9804
2030
5044
3626
6852
5899
6120
5875
1680
8760
3204
2526
7171
7166
2428
8681
7731
15
7298
9365
5907
2272
4893
2097
4643
6611
6650
121
4293
1363
558
5287
7689
1469
8188
4329
5044
9243
4524
5558
5916
4171
9935
2174
5916
4320
5689
8838
5742
9393
5356
1066
690
5529
9130
1549
1672
1677
8462
941
2587
7352
4927
5780
2164
2914
9007
5316
3807
3367
3734
7385
431
6814
6936
3846
2655
4911
5393
6171
6777
665
9601
4904
7212
9131
2598
4695
990
5132
5524
2068
5244
7528
9021
8560
222
3138
4425
4172
2219
9470
2922
8597
6580
1939
7433
1495
7386
8594
5952
1941
3296
8801
731
8220
5044
7646
6767
3530
9217
8231
8413
7654
9990
2714
8558
6785
2339
8957
7663
3189
5493
3676
4968
1024
2933
1988
9862
7515
3015
8387
9606
4976
5014
5256
8567
822
4632
9731
7978
8391
3977
6118
7419
5037
5118
1421
6355
148
646
27
6776
7483
5913
1399
5749
1548
6456
7158
528
5307
5753
4660
2326
7619
1550
9763
9030
2394
8380
2446
9261
3809
7937
4682
270
8499
7040
6888
7394
4115
2536
8342
5896
5522
3465
4423
3996
8038
3705
5607
1181
3593
4904
6980
4650
9879
1540
626
1195
444
8276
4152
7882
1357
6172
3132
2346
2664
5492
2150
5069
1490
5114
3710
5943
9178
4146
4357
4255
3872
8902
8170
7198
7410
8412
5913
5137
2531
2462
2432
2804
8826
5813
5559
7140
9114
3760
3669
2046
7900
2839
8987
9812
9505
3382
818
1536
8506
7582
2068
6756
2374
9117
3222
3785
7970
2903
761
106
2138
8552
9831
1564
5555
390
2510
7616
3923
5520
6350
5201
4644
4875
1227
1116
3003
6690
4699
9866
2334
3899
1794
4220
7976
8631
7585
8635
9421
9661
4032
3387
2837
4245
833
5614
953
4694
4530
1875
4908
1277
2219
9345
5389
3283
1244
6409
3709
7726
830
7942
663
8021
4238
6428
9420
405
9687
4007
2810
5991
914
6043
8371
1481
1085
1640
9972
3953
681
9273
7236
3251
8045
1771
686
9500
3781
5616
2935
354
574
2624
5869
4361
216
1075
8549
6082
2832
8773
7100
5854
5523
4627
135
9032
3010
8235
8661
5902
5188
9134
3842
7613
2697
77
8972
325
2942
7000
9913
78
4547
8166
1070
4947
1785
3910
2005
126
473
766
5744
7937
5853
3688
5790
4895
7775
1707
7213
9695
5732
2572
9704
1426
2888
3259
3497
1855
3882
3188
4348
5690
1765
9751
7489
2806
667
7719
2174
4681
145
2088
1554
9772
2618
7224
9317
7682
7355
8897
6049
5723
6367
4536
1281
6918
1712
9934
6028
5970
2095
5950
7359
5799
1694
6491
4245
7056
8094
7110
6919
4857
3200
6705
6405
3091
9865
8589
9410
1188
6008
5743
1632
116
1705
9901
6276
4094
2444
4776
4380
6921
7625
3603
925
5373
7775
1200
836
7243
9624
7321
3285
7166
6582
332
9285
6476
1035
3476
5372
2430
5831
8732
6900
6732
9140
193
4428
8451
403
6461
3033
6957
5579
6685
9898
3002
7541
2372
8629
2838
3852
4722
5074
9604
7450
7378
7077
2539
7137
9418
5836
5802
9937
1505
5990
1066
3802
9039
3005
3731
928
4039
4229
6284
9777
7226
4930
9845
7543
872
279
9557
7796
1246
934
4488
7700
6821
8985
5192
967
9495
4238
220
1471
3559
9230
6711
5894
8024
4029
5986
1287
6859
9685
9681
7209
2935
9272
3906
5047
6609
1163
2173
7604
8624
524
5698
4516
7848
3180
772
4773
2700
8975
5247
9028
5224
2658
2144
4823
1186
2476
1942
4022
1572
4716
4196
5880
1359
5326
1434
2532
6080
4740
7145
1378
5841
5797
4237
2428
391
7789
4702
7373
300
4550
2240
8819
3835
5879
195
4443
8843
6342
3484
6620
3380
3720
6564
4799
5957
1570
8598
26
3135
4873
4498
2151
9653
6187
6836
3814
5539
1445
810
7419
4512
2735
6602
1691
2664
9082
8956
6851
2602
9620
561
7703
4462
1524
4085
1248
9822
4143
2548
7706
8474
7732
4955
260
1529
3799
5183
5656
1005
3721
8825
8066
958
6802
4493
4980
4794
6774
7219
6946
8429
1962
6017
4372
9725
7256
9800
7301
7910
7782
8711
1050
3167
9334
5054
2417
1208
8112
3706
8518
1675
9788
905
9407
1695
5736
7091
7332
9012
6674
9411
860
4471
2720
9152
5048
7782
6694
5231
9215
9951
5178
39
8298
7510
4646
6799
5088
5327
5173
716
7587
1249
383
8734
8778
6327
7735
3595
1904
4406
9562
498
350
4396
8767
7081
3777
2882
6278
5456
2615
8013
883
1235
3548
9710
56
6645
6994
6066
1021
7508
2779
8891
7004
873
4551
6545
7357
4615
2994
9006
5810
8630
6677
4250
9109
776
3364
8232
486
264
3935
2242
4054
5431
4865
6755
9319
3814
358
9824
315
1303
9377
9596
6983
8467
8697
2360
9944
1422
8145
3053
5548
2147
2012
2663
8337
4140
468
5728
7566
959
6977
4260
3818
4486
2495
189
9942
9325
1798
3716
1717
8521
9005
3072
3324
8516
289
4831
4035
6443
6660
3236
5715
7480
9721
6205
3203
19
6062
7909
4363
7314
8754
6055
3871
9134
5433
2036
3732
7037
964
5339
709
8780
4078
5302
2338
6296
1451
26
7550
1672
9542
8315
4191
1366
7118
4919
3584
6455
9990
9863
426
5042
2017
3320
5824
3447
1055
7629
4093
1358
1298
7002
8961
7764
6149
9314
8215
372
8280
5091
5063
2872
4860
9727
6104
3728
829
9116
8397
9763
2095
203
8267
7635
3723
8767
2489
7480
24
3410
2438
7980
7720
6684
1978
6116
3730
1699
3766
6614
6345
5918
4459
8935
7119
8377
3269
7768
2756
5676
5440
4020
6909
7979
8599
3286
8909
1384
2160
1121
1457
835
9334
8703
2421
9646
9233
3185
9637
7935
5192
3113
5383
6728
7812
8764
905
9983
2145
3743
7204
8888
6646
4357
3869
7927
6698
1928
4765
651
6749
8289
3948
3005
330
5885
4292
305
2124
3653
6760
3259
7001
8261
6188
2657
6393
4226
8255
7908
2327
3072
8532
4717
6677
3097
5409
883
638
9414
1554
2211
999
370
8785
1515
9873
6791
1789
1938
219
8357
9556
5758
1432
51
2880
3458
1540
7919
2820
1883
9999
4838
1323
4295
4644
349
8550
6974
5406
8103
7090
801
2790
5571
5503
6090
7124
9731
8060
2624
2858
6579
1221
3978
5128
5704
3582
7350
9076
4165
8830
5003
4880
4940
3697
9740
7918
144
2773
3321
2513
2996
3662
4730
473
5587
8486
4755
3146
103
6108
5088
4802
7931
2305
8338
388
9585
8693
2633
2561
8373
7554
1904
8553
3394
7677
2849
1990
9466
5918
257
6615
2750
6014
8683
9888
6138
469
9996
9515
7823
5289
4600
2051
196
9589
3094
9738
5445
8234
6848
2271
3184
6253
1707
9264
4606
6359
3415
6948
5088
9569
1045
6774
6359
4989
6208
175
7643
4034
9952
4663
4118
1308
8909
1291
5955
4620
3379
8990
6781
410
491
8329
8489
8323
1579
5220
4105
6583
6216
8109
7264
1417
1549
8349
1717
4871
759
4253
9096
3754
6717
5383
4186
4522
9226
957
2519
1598
9379
4263
5312
8481
1207
5608
3129
6202
371
8651
1116
5750
9033
6202
2143
3300
1174
7987
9284
8098
2349
2683
6951
618
3877
3101
891
4698
9614
9745
7046
7462
8280
6132
6576
6124
2357
2218
2565
2857
1661
7233
1976
1464
9878
9853
3650
6021
1762
6849
7938
3490
7699
5942
7554
7873
4470
3362
3340
3092
9003
2650
1027
8002
2897
4492
7501
2827
9403
482
7464
8888
7608
9945
7794
8050
8686
2588
8422
7118
7639
6105
2000
8907
5888
651
1887
5807
8518
6246
3287
5953
1258
3094
7082
4937
4503
9284
9620
4917
2407
7529
3620
5138
4338
6443
3543
8101
8859
3025
1479
9072
8236
593
5278
7042
344
1049
881
851
4609
6617
6727
7622
6302
7610
5738
2770
5255
8016
1981
3696
7476
2857
590
3188
6319
8476
3330
5699
9422
4913
3228
6439
9831
4256
6131
8067
3462
9052
3698
2473
1209
2468
4090
6478
2729
7467
7452
6695
8006
1454
2158
3071
6347
4620
3112
8944
5470
3029
5484
6761
8186
7025
6145
1058
2179
604
5336
5647
6573
6313
8542
388
8651
9402
999
186
2075
7538
7578
1237
1606
3374
8720
1279
863
7668
722
4162
8838
3202
8111
8439
491
5462
8280
3418
4795
7716
7736
6796
44
4914
6115
7898
1584
6523
5809
9494
7997
4493
7440
3578
1530
1342
868
1269
6905
8515
2851
8431
3761
1201
1167
8918
8662
5446
5918
3253
4371
6608
7649
2850
3564
8070
9043
4188
3218
4860
116
7025
2504
5336
4248
4016
5476
4689
3552
7314
62
652
7838
8316
357
6180
8755
5654
9985
980
2747
6287
9493
8692
6536
5347
1654
6552
9498
8227
2606
6394
2340
4248
5387
7740
497
8366
20
9955
6895
3876
2935
5790
5881
5826
1529
4883
7612
7764
7525
8316
2652
7800
8666
6957
8898
4782
2110
7286
3480
1310
2483
6372
3502
6969
4356
7816
816
3428
6796
8910
8118
5890
5180
58
6623
648
9326
4851
3500
3047
6254
9991
2742
8965
7262
5548
8060
9611
8706
8705
5625
4269
2258
5146
5809
3655
700
9025
1529
5428
4869
2949
611
7138
1359
2761
475
3144
2268
9204
7558
8924
1540
9877
9825
3547
4326
8811
6097
8703
6686
3894
9154
9756
8975
9376
5812
1532
2629
5496
1336
92
6732
754
4214
2537
6130
3263
1135
8709
8537
8570
4760
4614
4581
7569
6343
4406
3028
2387
4852
8376
9435
4275
7365
8144
7591
7919
3050
9039
1930
9416
5396
1534
9382
5768
9868
4882
1947
2122
7482
9367
3881
8106
313
3268
3107
232
606
884
4428
4048
6457
4729
5250
3573
4380
3144
7659
2536
9822
9803
7419
2187
4639
500
3610
2977
6560
9729
3745
7423
2077
3655
4313
5417
2279
8536
5780
9573
5493
932
1125
7449
9377
6893
7607
1369
3240
9278
9891
9955
5405
7380
8829
2326
9813
5939
574
4570
6264
269
4600
2615
5260
8147
3536
8602
1173
5710
32
8562
3061
7059
5136
7938
6782
1767
2567
5430
8668
3591
7304
9170
7614
7418
8126
6340
6292
660
9251
3160
3053
3021
2025
5283
4936
8549
1841
7404
5148
7369
8714
5543
2138
7115
2947
5228
5233
1705
6124
5556
130
2929
1421
2156
4094
4004
8512
2217
8694
32
2117
2982
9504
9351
8242
4107
6113
4741
3855
4979
1492
2456
6558
4270
4108
1715
3827
1661
1928
6322
4788
3017
1802
845
899
828
2859
4078
3011
7017
4725
848
9410
2599
6751
9923
3309
4527
9553
117
5716
5308
6656
1827
8006
3262
5639
9295
2418
6661
4166
5192
7263
6453
1553
7372
3561
3249
6880
5232
2983
1725
2921
7970
2249
5948
7775
7489
7556
860
4351
2408
4230
9233
6006
3519
9933
7257
894
2285
3049
5313
4
6116
5863
2242
8219
9955
9607
8597
6899
3907
7385
8494
3997
9486
2399
4897
7304
4637
7279
4065
3799
568
3100
2367
4161
7234
3048
9
2862
7838
6605
9875
8557
3889
4885
1164
8642
7010
2578
8542
3835
1593
1305
7758
582
3022
4703
1295
1873
1805
8034
7587
902
1854
6642
7903
3815
2185
4420
648
7224
7510
5860
259
2992
236
4252
6844
7981
8858
115
7657
3967
334
4975
516
3590
2887
4491
7220
6153
8595
9023
2937
1505
442
7935
6225
3369
2434
6296
3716
9679
3958
9394
5630
1685
6284
2087
7870
1584
2118
2161
9232
8169
1674
4310
2526
5162
8994
3152
3226
2697
969
5770
1378
9455
3223
7545
2943
7734
3129
9485
6468
5309
8350
6467
258
1855
5811
7382
4120
2811
6825
8367
8882
841
3338
7138
7086
3351
6474
5190
8375
6808
1534
2817
2960
9608
7741
7551
1281
6434
5261
9956
2278
6917
6356
3710
7282
6215
8088
1243
3478
2242
9731
8170
2102
8963
5775
4885
4168
9111
3882
8774
458
7201
5383
4246
476
4488
1273
2143
5392
5691
1152
7107
3004
209
6417
6684
2777
998
5648
2323
2968
8187
9825
3460
4320
5330
4787
5604
3503
2588
4316
9321
7065
5600
9961
4141
4240
4080
4305
8472
9630
4813
9245
1146
8730
3609
5271
7835
2868
5287
3297
4367
4952
3152
8616
8722
6103
907
8355
7970
7623
3037
8751
2247
5369
4656
986
5561
8147
5691
4487
1081
8546
5970
8040
6243
3213
1428
3035
5102
7453
9410
5323
8853
3787
2457
495
4510
7400
1694
8201
9476
3092
2202
5945
8118
3551
5088
4286
9281
7992
4846
8990
9845
6872
7374
9415
6912
2636
5396
8976
1477
8673
6316
4634
2477
6963
9642
2706
595
2382
5713
347
691
4215
2221
4520
4886
7030
162
2292
9656
2744
9563
2444
4529
5736
6085
1626
7803
2585
8894
9312
1811
9829
9498
2870
2128
7747
7294
2282
1515
1645
6057
5245
2684
4847
4485
1521
8241
1400
2228
7508
1385
4864
616
6775
8283
3746
4215
9893
8369
2019
294
4
5022
9921
48
2960
208
31
7943
665
6632
2741
4970
539
6772
5516
9014
2975
8731
9603
3082
8873
9883
7731
6879
9473
8215
2868
7647
6000
2124
8771
512
5508
8086
1120
9528
6596
1962
1453
5381
2287
905
6865
428
5652
493
8122
1410
7634
9905
3129
8722
4945
9247
6300
2924
1910
6192
5840
9478
4844
5718
3190
3014
3787
6399
1468
9296
8157
3109
6512
870
3048
7154
6954
666
7434
5320
4955
7783
6202
636
5035
5211
478
5500
4600
5276
711
5042
9674
1984
8845
7434
9645
6977
8680
8435
8589
9647
1360
7060
6187
3662
6161
1188
5374
4249
4478
903
8807
8284
2547
9698
559
6894
2694
6800
2254
1967
9445
9733
4568
4660
4206
9381
4841
5164
1317
6652
9185
9648
6400
6666
1643
5806
739
1317
6665
5093
6714
7108
9867
7245
4345
1046
2129
4068
5667
8596
3299
470
8897
2417
8935
8808
792
3805
6844
3156
3638
3412
9465
2460
2481
839
1667
8045
9602
2062
6101
5173
229
7766
9292
8631
1308
1044
1518
9661
5590
9443
9353
3871
3010
9751
2753
1554
5057
831
9393
1152
6142
8019
1312
1547
1598
92
2764
9321
5297
0
8275
5235
3192
409
6511
2311
8608
6682
6049
5083
3055
2034
703
5755
8786
5773
7125
9032
3539
2913
7819
4215
6510
2002
9314
4842
218
7353
2357
9975
1681
582
5934
473
357
352
6824
2475
9683
8010
8860
6803
5726
2828
9197
4045
8698
2120
4784
8702
8640
6640
7166
2658
7650
6502
8942
1237
7204
6770
5620
7929
7342
1420
5413
9238
9072
6700
1677
3773
9132
3454
4675
1110
3735
4866
1615
6779
8992
9216
9081
7685
4424
1102
7183
7319
9847
5884
3467
844
5686
9651
1521
1022
6662
659
2931
801
8152
8038
1885
3299
3482
8509
6202
8060
7447
9214
1615
4694
2623
7229
4475
983
8449
1119
7105
8627
6445
8681
7256
1683
2452
1022
6882
1624
8706
3216
8438
3777
438
5335
6064
7302
415
2376
6563
663
29
908
7243
5504
9141
420
9823
3503
8972
6701
1151
7882
1634
5131
1504
6468
1007
9497
7681
3589
9075
6008
5903
7401
7865
6944
4938
1265
5373
7812
4230
5841
5164
5184
6169
1987
6974
3897
56
3483
7898
9317
4332
5637
5579
5657
997
1351
6336
9440
957
5472
725
2737
566
9400
1088
240
6046
1156
5901
2330
3065
4620
8847
2274
2966
4833
9925
7664
6156
1057
7715
5023
34
1371
761
4891
2170
5873
9097
9530
715
4486
8307
2926
6759
2604
7468
9667
4704
9788
5641
1944
2592
6004
4546
5707
3126
1236
5121
8132
972
4057
161
626
571
8479
5784
9383
5022
1273
6201
7739
1980
4850
6910
2458
145
1977
4255
6380
5716
292
2189
9268
8700
3663
5493
3489
6613
5166
4581
5149
7012
6005
5368
7831
2717
7490
1956
160
9025
678
337
4367
4762
8121
9422
3768
6696
5066
8110
5188
336
7530
6310
57
1263
9393
7537
4647
8995
4076
500
8783
7423
2115
8994
6809
3070
880
2595
9315
7454
3244
1618
3636
8980
5340
3666
4986
8952
4022
3717
1411
3803
1223
1811
1177
1843
8429
4927
9721
2353
3746
1418
9720
5117
6535
16
4571
8673
8604
2942
1315
5336
1993
6277
4196
6433
2552
8336
5651
6165
2343
4553
6637
8423
7882
2794
378
6235
6732
8394
149
2676
7116
2044
1805
8198
8326
1772
7464
7460
8885
5606
3194
4748
6062
5790
2767
6161
5818
142
7615
9186
8925
9946
3931
5922
6182
4769
4762
8910
3258
9349
6001
2608
4079
664
7693
6487
9045
1500
8065
6367
314
6776
3648
3623
4622
4760
5904
8173
2910
3290
217
4466
7494
9519
1062
179
7746
1620
5548
6681
7214
3024
9970
546
3831
499
1628
7677
9363
8454
6918
6882
66
6110
1993
3866
9964
8795
1937
8801
3694
7316
1866
222
6095
1351
8095
7914
5040
5787
9553
7139
8194
4641
2007
6510
810
7098
7679
5841
365
2811
28
2642
8732
9671
7266
5522
7017
3419
2070
6511
9405
1551
4766
1987
4257
6418
4620
5423
7424
6788
1979
157
379
2621
9128
9968
5299
7344
381
9633
8130
3050
7322
7703
2809
3569
2702
3001
9556
6308
3047
9346
8479
330
1917
6797
4503
1948
1549
3908
6546
3832
5307
7703
4642
1815
6899
4365
5075
3897
8242
8351
7285
2163
7484
806
7477
5074
9734
4945
8743
7836
5995
3022
1225
8269
4261
5715
6388
4845
2024
1091
3801
7060
3774
2410
8081
1638
9780
6317
8948
9829
2379
786
8433
456
7128
5361
6133
1791
3535
5065
3663
3083
5697
4674
9808
4562
1427
26
4562
5697
4737
6889
5664
6058
8943
8667
5655
8879
6065
4661
5443
8257
1667
2549
8351
6958
8726
2641
1755
4698
7728
3333
5601
7571
1109
8984
3595
5324
4137
8162
1159
1534
3025
7337
3440
5605
3882
1953
50
2137
5473
1717
2143
3162
416
4317
9580
4503
235
5444
4386
745
6762
7263
1072
4481
1637
5503
7921
9402
5417
137
2762
2247
9496
9182
8486
2764
7100
5879
8100
4559
6010
8039
4233
9517
2729
7843
8288
1328
8626
6585
6015
2317
8991
5398
5248
4791
9164
2864
3444
255
9954
1435
6501
2318
841
2943
187
5219
8531
4301
5919
9285
9697
4572
5438
7157
6927
4523
1674
1173
8716
3842
1464
8991
9955
9685
6461
7988
315
2353
1615
2069
9051
9187
4793
9731
5892
7982
6165
1985
1990
242
7784
2711
3492
6349
7968
3251
1468
593
4683
2867
434
2579
6613
1008
9592
9533
9276
5068
9796
602
7259
9527
5665
7770
1473
4316
3641
3459
5282
1914
8498
7833
7909
9090
6803
522
6378
1921
8569
7162
7269
7879
8705
2138
2781
8669
119
6656
3997
1792
1727
7400
6897
9971
7037
3105
8043
6513
4896
2890
210
7506
8147
9748
3735
4674
636
1119
6547
2932
2619
2326
9475
9322
9566
6367
9292
1726
1883
4225
5544
3383
5039
9867
8022
9691
9225
769
7784
6201
3877
8811
1493
760
3686
964
9685
7740
8234
4297
424
7717
1774
1583
13
254
8095
9548
4018
1717
3463
7314
1805
2916
1234
333
3718
76
9510
7686
4527
3041
9845
76
7871
9108
5842
9527
2817
3982
391
2636
3714
9776
5222
9935
4118
3043
4365
8629
683
6007
3357
879
3193
6665
7209
9021
7207
8866
5637
2357
4701
8089
9605
3319
1512
535
3598
7763
9321
3851
6097
8261
9975
731
1062
9283
7715
8594
9303
3846
7477
6224
9977
1714
1076
7218
9561
4571
3709
3789
8409
1275
9328
3471
9848
2951
4985
8696
7738
3816
9690
6906
6308
4019
1069
71
4645
1932
3740
9246
3577
9564
4554
7481
1325
4498
316
7102
4963
8246
8535
6579
631
9758
1564
8520
8513
8170
2857
1438
558
2370
290
4177
3575
1839
1504
8046
6231
9154
3525
4638
397
4872
4055
9889
8750
1767
5554
5977
9312
4894
220
3855
4825
4729
7565
9474
4327
9245
6811
1873
7532
6137
2871
5206
8876
2095
4862
669
2092
2777
8731
5850
7133
5698
7195
7126
575
4502
7638
4451
7040
2737
9868
2601
435
2970
3166
5995
1777
3429
9199
3057
9813
4532
2972
4055
2
7296
8771
159
58
5684
9810
4005
4737
9316
8541
2325
4180
2042
2202
9272
2774
4786
2922
2962
6284
6632
6008
4277
9932
7424
4512
1470
4118
2470
2933
1480
1983
5061
4995
4550
8945
4300
355
9493
4804
2333
1093
971
4069
692
5393
2749
5986
2579
9021
933
5994
7609
4364
9692
2750
6381
3090
2049
18
1692
464
1026
2616
3473
5319
9296
8961
4988
9333
6705
681
8808
9435
5335
7258
2516
6206
9354
9555
3425
7273
7268
626
8139
3679
7687
713
168
6151
6651
6803
9126
3991
9182
8698
6736
3845
8673
8781
5774
9061
1889
1910
4106
7238
2407
4125
9514
2230
5537
2458
1940
5985
8446
6159
237
4693
9220
6793
38
2990
56
9156
136
2958
742
1387
394
2162
1789
7041
8650
7384
7187
3919
8817
3341
1879
6748
2791
377
4108
826
8260
8370
7426
6465
4164
2882
3626
7048
6053
5734
2882
1154
3514
1617
3578
6883
4154
2355
8082
7404
9303
1883
6830
5927
4653
7406
645
3830
8398
5593
9038
7546
7081
3749
9851
2706
7579
2231
9343
6272
9310
8812
4241
5152
8192
3533
7799
5376
319
786
9146
1078
1167
9580
8800
5328
2070
2145
2423
4824
1184
1650
6223
3597
934
7834
4462
8656
4317
4582
3887
5014
8084
7103
1215
755
343
1102
3414
5797
4817
8112
8
4051
7415
1429
1959
9529
9515
2242
1902
6496
5457
7265
1
2182
6587
5004
1868
3222
1940
8857
5364
9561
9829
1649
2608
3997
1839
3011
2411
1072
6418
1513
528
7062
7090
9154
5064
3263
8268
7595
1559
8465
585
3016
8190
1490
8465
6584
4594
9453
9994
3818
5829
6540
9678
5773
9308
8145
9616
185
2025
6874
8197
2393
3218
7471
1210
8774
3308
1972
2719
2904
4100
4472
6282
9055
3777
6476
9935
8313
6944
609
4488
3312
5584
7005
1884
4214
1960
9698
8195
4179
3266
8023
646
381
8814
458
9157
3134
3097
6511
4215
1442
540
1557
2087
5987
5419
9100
7022
6416
238
768
174
2680
8204
1560
2940
2560
1282
7269
819
2646
9487
1694
5510
3014
3940
952
8968
6304
1540
4766
7470
2581
9289
6623
6449
6703
4246
1284
6892
7076
3872
2265
6614
4927
9558
2594
9421
7936
2246
5256
8747
1676
8859
668
271
7596
9894
331
9878
7130
3357
5715
6362
3700
6087
5860
7663
8743
2681
2125
2580
3423
4299
5881
2967
303
5373
9168
9956
3719
1736
420
5519
2094
9899
6251
4740
6556
2876
3631
4122
6832
6250
1884
7274
7383
3615
6392
2360
4596
4613
2940
8911
4544
246
924
9889
6449
7962
8153
7695
221
4651
2917
5926
3165
1668
9533
4105
2799
4369
5214
4123
8124
6453
4227
7620
335
9030
6648
5211
4258
3071
4917
4622
9039
9165
3688
3987
2743
5378
7390
9468
788
5419
6895
8350
6346
7557
6864
8230
9444
2826
7613
3839
1452
1498
3421
2237
598
6051
8775
5165
3650
9316
2640
730
9760
9609
3140
8365
4468
7565
7327
3844
3078
568
9139
6448
1438
7004
9750
2693
323
9806
3165
6302
2653
6301
4431
5732
8889
7251
5855
3127
7879
3947
8349
6738
8059
8636
104
3242
1987
7387
4320
9959
3044
4061
9090
470
5995
893
9784
9284
7798
7081
9823
9786
7394
9513
1757
2398
8935
7859
1386
4836
6205
210
8589
6176
4935
8263
1766
184
6739
3303
6196
9936
1217
5999
3551
8958
3028
7728
6966
5490
2145
9957
6774
7525
3149
1374
5965
4844
1512
2984
2808
2729
6982
2317
4164
9090
980
8790
5932
1747
3610
889
4881
2468
3196
6070
9669
9205
487
3280
8224
5950
5600
4936
5504
9023
3941
704
8999
2850
4670
7374
8348
9858
6231
8129
84
1384
6664
2253
7825
7602
7255
9425
7713
7102
28
9311
7281
3005
2431
9330
2734
7233
4888
6549
6899
1504
173
1805
1282
1436
1134
6988
8152
3600
1576
4610
6239
2698
2945
2320
23
4150
1815
9141
7729
9072
9737
2339
7687
2841
6049
690
6884
5668
8075
653
8400
8815
7426
2702
3592
9297
4439
7319
9310
9232
8879
3801
680
781
6574
3886
1918
3172
7722
612
90
3535
8976
3564
5305
324
8567
3130
3790
9131
6253
8847
7222
2760
7872
1003
9118
521
4451
3797
4751
3970
5695
2645
8790
7046
2934
5168
3135
7717
7216
9804
9269
5368
5598
8084
6727
9597
8762
966
273
1875
109
8848
7029
5013
9575
5973
9904
7816
2539
8824
1272
8607
2051
7724
3074
4830
1960
4726
584
8766
8377
7487
4533
526
8718
8085
7538
9007
8623
7467
6818
2727
3226
8034
1208
28
8166
5368
3388
246
8946
6248
9889
3713
2011
4624
3691
3785
2885
9732
9239
4182
7267
1406
2000
7791
7670
9235
5066
1264
2735
5191
4814
1827
2902
3358
9438
8611
9851
1932
1270
1536
8225
2805
3461
7090
2530
9016
7616
7989
6798
3353
4662
5029
4336
5967
9555
3160
3410
3407
8110
5397
730
3796
8262
6729
819
115
3586
2530
3775
9714
1481
4902
994
3145
1088
5572
4578
7654
2074
5002
94
1806
1745
7276
4580
9094
2059
32
8671
1370
300
6511
4204
9791
1757
4273
2937
180
5723
6827
7885
1540
7669
9654
3896
4965
8938
2463
8798
658
5091
7514
725
4504
1832
6082
7577
3908
7345
6136
454
1780
201
5676
9997
4797
6364
9437
4456
7021
2657
6967
4603
7455
5824
1206
398
6061
8732
1928
8922
2029
7541
1412
3322
1509
6144
6611
6152
5709
6285
7578
3014
9628
4204
5868
4805
5691
3188
9229
2666
149
4278
4392
1045
1726
990
7587
2267
6672
3711
5919
2633
4663
9420
6874
2448
6713
9749
3030
8737
8909
2961
5130
9611
7366
9353
1916
2039
6657
5504
9114
2880
5018
7601
5001
6682
919
4726
8547
7948
8313
9937
2162
183
8124
579
5869
3403
1329
1764
7361
3332
793
6754
1117
8033
6543
9727
8673
445
5622
7278
9277
2499
1295
6874
831
7102
4939
9150
2354
7436
1385
9982
6383
7714
2680
7348
3453
6583
4581
4817
6704
8541
8111
2596
9510
35
155
1288
1913
1288
7799
4156
7780
8188
361
8523
5360
3144
743
9411
2495
2381
2894
2173
9873
8366
9871
3547
9185
5154
5017
1965
5618
256
1796
9228
7652
350
198
1625
7549
7112
792
1844
7182
828
484
3958
8372
8096
7890
2806
5226
57
2748
1181
6649
3346
7191
7373
2796
8749
5617
4850
1667
5404
7581
7092
4456
6402
5391
3467
3183
3753
3836
3402
5477
9537
887
8089
6074
4051
5879
5379
2515
3160
8901
8984
4101
2319
8555
5354
2170
270
8472
6726
3522
7189
7637
5973
4230
7957
297
6274
5352
2357
5664
5993
5895
1521
7421
5426
1804
7443
3325
8379
2084
6299
6661
4845
6656
2826
4308
3570
4093
600
1166
8878
6873
4719
3851
3940
629
2668
7832
7697
9665
403
8438
9614
8159
7274
5246
2568
9413
7357
8402
2958
7114
4018
9294
2613
5857
1285
5061
7024
8428
5879
4911
932
7923
3392
4958
2620
7386
3180
2591
1486
7414
1033
5548
9435
5702
4734
1694
4311
822
2341
1019
2315
9722
6659
9765
3829
2059
8501
6335
9688
9019
6877
8487
5103
4940
755
848
3716
1803
4527
6871
763
1239
8800
1414
6608
2431
2004
7582
4859
821
1587
578
805
5067
6203
7915
7665
1603
8435
1765
454
1604
1809
5169
200
2429
417
5167
1127
3679
2484
8542
8741
6541
3769
7854
8015
653
7762
3501
5599
2944
4569
9400
7260
2263
8260
2038
460
2995
8904
1325
4261
3570
123
3940
8147
9760
3296
7693
5893
1791
6374
7809
7603
4677
4399
7841
2590
9067
4585
5807
3769
2542
765
1921
9282
3822
3924
9897
4032
2125
2290
6349
6145
7321
2988
3249
9787
2385
8889
6898
9688
721
9220
9249
4892
6490
7825
8497
4872
261
6524
9736
7028
1919
34
3969
4639
6906
924
5602
6058
9692
2485
8000
6213
9153
5244
3877
3745
8872
2678
8825
2715
8470
4693
8688
7292
5766
6179
827
3095
1704
3391
563
6176
994
7811
5982
2572
864
2843
5012
7905
8905
8509
6700
9347
3390
7910
2474
3283
1204
7439
8484
9042
7537
965
5360
9028
7462
1985
7405
4210
8738
6316
8940
8396
843
4507
2746
8593
7103
6934
1386
4748
108
2505
6837
634
9289
3450
8903
8797
2750
2288
9159
209
4193
8584
8242
1503
7362
597
4157
8717
5809
7584
588
7485
2230
2222
7627
939
2591
81
2656
2062
7365
9626
9303
1485
3879
9288
4622
6455
1246
9242
2671
9664
580
1061
1228
1060
4003
3406
3006
6080
6074
7928
7586
5882
9853
8061
1044
5680
462
325
1733
5023
1206
7760
6911
5638
2231
5487
1116
1404
332
1310
1888
7010
5931
9719
231
4302
6349
1772
6977
9654
4660
2534
9041
262
4810
8301
8410
1790
2755
4089
9649
3373
8291
7317
935
7999
4568
7065
1260
7308
4825
4938
840
8464
1318
7301
9577
2759
9355
7920
2961
5630
146
1620
1622
4210
1699
480
5658
8502
8490
849
7627
8899
5693
6321
5155
6488
696
4743
6998
3523
1277
645
8893
3951
2435
4907
910
4962
5166
5675
4994
227
3126
3453
2197
6461
3827
3612
556
8686
3378
2871
2521
1161
8101
883
4013
646
1964
5554
2015
7505
2421
2211
1297
3538
312
9640
2721
8916
7994
3487
3527
7229
7025
832
4303
9157
4162
9468
4428
1881
8142
6087
1018
1298
9374
2668
4383
4437
9470
902
7342
1791
6066
3456
1803
9022
9814
3135
4753
4907
6396
9778
9552
107
5641
4809
7759
5432
7696
6992
800
2891
7771
5728
1661
1394
7150
9112
8842
8004
6757
8684
6666
8016
7725
7055
1165
9789
2386
4482
9101
2039
720
6513
4944
5086
847
9289
5636
2434
832
3761
2654
197
7924
4173
1497
2718
5667
3632
5785
1409
8570
8374
4929
1823
749
1029
487
8051
6823
4829
9361
5629
3071
4070
7123
2256
633
9927
2567
1796
7265
3773
2221
1730
6961
2289
7361
233
161
9509
3073
4831
646
2341
7740
1470
4603
7961
6330
1700
356
6084
8631
2418
9611
9509
4217
971
9693
204
6670
5109
8827
4770
7492
2764
8908
2589
6698
5347
316
6776
6897
9252
2773
221
2244
2352
9713
2941
739
8342
700
8052
5639
8932
38
5512
8073
1383
9486
8166
3782
6569
3048
8131
2337
2499
2653
9721
238
3945
4408
4843
7180
468
3293
1765
7223
4789
5263
1032
7210
8411
859
3181
8955
5257
783
3855
8455
8629
8971
6796
8678
2596
3398
1751
985
8744
5683
3781
5802
5814
1458
1280
3292
711
3804
3814
8472
9519
75
7179
2890
4594
6213
1363
9936
563
9192
4903
3649
7617
8812
8827
365
3491
6777
2445
855
6498
4425
580
1964
5400
6845
8569
9999
4692
3434
5402
8718
2081
409
3184
3794
5604
6518
9819
8117
2140
2823
1972
2567
3311
6666
3409
8766
1210
8196
1734
5027
7281
3928
1838
6607
365
7449
6946
4000
4641
9933
8196
1957
938
143
6751
2528
7980
1214
4068
5147
9671
4245
4051
680
1811
1437
3016
9022
243
5492
7919
3712
8379
9704
9358
6815
6670
3845
3710
2414
5893
2518
9794
2502
4222
3365
9029
4647
5786
4693
4651
5964
3822
3929
6020
838
1678
9802
8308
8553
277
7125
5528
8713
7604
9988
4091
7852
4474
2834
3854
9909
3439
3920
658
5507
936
8375
3376
9599
4356
7597
5444
9263
9531
2540
8006
6571
9776
7992
9802
260
8969
2102
742
2458
8691
4007
1261
4444
3823
1722
3
7254
6497
2184
4448
4263
6267
6655
6978
951
1196
775
169
4597
4462
8393
4685
7102
8662
5773
236
9827
5710
1571
1640
3999
3956
7060
6056
8786
5691
4587
4849
7546
6036
2394
4362
8355
8526
8694
7301
853
6725
5035
81
5448
2180
6387
8928
1481
3060
6646
3657
4986
7925
359
6842
4987
5139
433
256
78
6628
1754
7201
5774
9498
8614
4970
7019
3747
9812
1794
6069
3957
5743
7890
359
2266
2913
4045
1521
3193
1346
4880
5118
9620
2507
3094
9356
5559
5433
7968
7555
5611
9953
6434
8548
466
3494
4672
310
3381
8347
4346
6242
8938
4777
1769
1384
5671
2471
7347
1484
2017
4075
2703
9417
3915
8801
5047
892
2948
911
4511
9067
6448
4290
8953
2476
5652
9211
45
2891
1737
7077
7822
1165
114
9236
2377
8012
9918
1834
5649
2346
1247
4200
6442
5732
387
6814
6631
6560
3619
7963
7338
6354
2412
3692
7618
5476
8901
5481
4716
901
7063
2474
7962
6759
5191
3863
5066
1009
7596
4395
2170
5969
1832
6886
2292
1121
3587
7259
5669
6739
1704
6721
8302
4736
673
8042
6374
8988
7696
4361
816
7439
5481
4055
5283
4679
2218
9308
8418
5208
7148
4527
2389
3186
1427
125
6731
965
171
9067
2957
1255
3280
5937
1991
2868
2737
9994
1882
4003
8596
4623
9059
578
5828
4981
3607
7549
7749
7605
3596
7308
7372
9227
6776
2150
5116
9155
88
28
769
5437
9239
251
1394
3409
5007
542
9711
8201
4880
8103
4670
9826
8732
2034
9313
8053
6360
4394
3061
3790
9872
2642
5004
8421
7832
4606
4156
1331
1423
4516
6530
1038
2276
6765
3842
7222
4570
6315
55
4277
1519
8220
826
4756
6512