3427
7577
3606
3559
3743
5379
75
7051
2891
2693
7618
4840
6680
2823
7095
3979
8853
2753
4672
9802
2794
5512
1040
6727
6497
269
1380
4046
4063
7895
2695
4585
9243
6053
7537
4673
9354
7092
4062
90
5557
356
8791
4458
3867
542
4215
9754
9525
7377
1845
9671
7286
7359
4762
6524
3565
5613
6284
9138
375
6082
729
9220
3163
5160
6352
6703
4283
7722
6945
6146
4479
7094
7048
1325
267
7442
1494
818
8733
8578
8767
284
3091
6527
3962
3324
2824
4492
8508
8219
9689
2307
8746
3123
5113
6113
40
5007
187
8095
8932
878
1660
6191
3644
3874
1717
5261
3356
8369
2744
343
2365
5576
1382
8821
6611
6364
4810
1609
5696
8782
5202
7090
2649
2599
179
3618
5306
6417
4365
3471
4001
5406
8667
3025
2307
2395
9060
2091
6076
3155
8274
3768
2987
3182
4646
363
2154
5608
1505
418
8583
3697
3940
1865
4038
7682
9502
4087
1725
3536
2352
8641
3361
4322
460
1899
1141
4585
7497
6743
769
576
7608
8493
1286
2604
1602
4821
3490
4613
5089
6490
7914
4922
3417
5814
8030
5434
9293
274
7565
753
8155
9626
9950
7915
4253
2265
3183
2305
9005
3087
4551
5167
3081
6091
8505
5510
8333
6654
1471
3305
8529
8775
2277
5432
2735
7450
525
1410
8029
8027
6337
5177
1664
2782
992
519
8411
4987
3743
1284
4819
712
3557
6119
8995
9424
9455
9810
7308
513
107
8675
9046
6032
4579
7694
6813
3607
8835
8914
5300
5848
6642
5498
7993
4153
4663
3033
5510
528
29
5924
7520
291
3266
948
1974
9545
3506
8486
623
3130
2629
6000
9076
7595
8543
2294
5390
8080
5640
5238
192
2056
2924
7814
2759
254
7318
6
2235
1969
6619
4921
2619
8771
6663
7247
3601
9836
7375
4125
8527
8661
1190
9961
2410
8207
83
8498
215
7579
1084
3167
5057
9672
9251
7080
1986
8100
604
5428
2711
7945
2695
6293
3832
5849
9013
5494
9955
9844
3821
4981
5153
4210
4498
6658
7607
9234
9065
8816
2118
3232
8200
2510
4542
7939
5747
6434
1530
9719
3410
5835
1666
1759
876
9662
1547
294
2030
2312
4533
9767
5134
4383
7414
1963
2715
8202
7159
6800
260
1636
739
4560
8191
5615
9443
6308
1449
4057
2177
7533
134
5212
3355
545
1223
4997
4057
1504
5032
2622
5635
298
852
8016
1293
4186
3640
3725
6952
9642
2213
3337
9657
3140
3279
6250
7078
2703
5187
7920
138
9292
9107
2454
4749
315
3703
8803
4988
9159
5871
2781
1879
9145
8105
3994
4456
216
4220
6540
7315
9657
4455
649
5203
340
9517
4070
1167
8205
8732
8643
5728
1308
8426
1702
7260
8153
8893
3441
1557
3138
6423
2351
849
9679
3625
4948
314
6950
9664
8178
7711
5281
6064
4594
3574
4235
9400
8252
6987
5286
5303
9435
8748
5942
2564
1330
6
6534
3575
7706
2633
3062
364
9944
7423
2233
5669
7499
638
5883
5977
2035
9627
3322
4432
9952
2013
6033
7195
6082
5086
5855
6769
9099
5384
4112
8587
5583
621
3971
6443
7780
3087
8942
1670
75
7027
8663
2994
8822
9810
417
4495
4993
1461
9247
1914
1288
9406
9832
632
5063
8078
1531
8118
1964
2715
7022
1232
8854
2766
1167
6453
2941
1920
4764
8478
9000
3168
5852
2867
7967
504
1486
604
472
8965
3300
9805
5255
6170
5798
4821
6922
6306
4718
713
631
2603
5397
9529
6181
8479
2686
8217
316
547
9275
442
8759
6535
7540
3401
2734
8933
4409
5888
6501
7541
6031
9945
8272
6203
5952
852
4417
6929
7527
7940
4615
2294
1189
439
9484
7285
9772
1510
7492
8554
2442
6437
5640
6798
8097
7167
9763
5456
2993
6079
9947
1510
2545
3601
648
5255
7931
7947
337
5938
9639
1347
6610
1193
2442
8885
5213
5564
3358
153
9856
4329
8646
884
130
8400
8333
5483
1803
7315
1388
3325
3751
2613
7349
518
2043
1902
9213
6428
4396
6589
5050
1636
7594
1556
1873
8650
6272
7687
8530
7047
8255
5921
7142
933
7841
7196
6982
811
9833
1272
2985
4384
4809
1870
6066
2020
7980
2870
1104
7828
8482
4074
2887
8588
8783
8772
1470
179
336
8413
7303
5868
6037
8408
201
3244
6099
525
1890
4417
6037
3182
2309
2457
6305
5314
3574
786
8225
8635
2357
648
2423
8318
2245
6538
6359
9136
1725
2957
9804
1398
4557
2466
540
4247
6815
3945
5576
5985
613
2230
4444
3015
5203
83
4117
9229
8390
2769
8465
3924
9253
2343
8820
6695
8685
7413
4646
3815
7276
9528
9487
1107
6896
5376
49
3478
871
1277
5497
5831
5300
4154
9455
9290
8243
1190
1655
7221
6154
3936
523
1941
2749
6861
9334
4840
4743
4100
7502
4247
4539
1720
7189
1882
9393
9787
9540
1520
2634
4389
976
7330
6604
9623
7698
3155
6273
205
292
8448
7787
823
5889
1051
543
984
7830
3004
4508
922
815
5944
1238
4103
2907
7608
7888
3294
2291
3345
1498
5531
3714
5736
3014
3505
3336
7614
7268
8735
737
4577
5890
4903
22
6952
4386
0
4587
5785
2072
6345
9678
5579
3412
9236
5175
1752
9099
260
6495
4041
1085
1691
3796
1664
5252
5703
2636
1498
8754
8509
3046
2953
3
5399
8874
8570
5955
6016
3372
6438
4977
9295
8242
4350
7805
7611
5398
9113
3735
1937
1134
68
9063
6331
2358
5668
6137
4658
6839
3070
4066
8232
2162
8436
981
6771
7889
2765
5902
2208
6737
6248
7453
2101
265
9872
3975
7612
1202
7514
3173
2081
6543
9482
8651
1171
636
4515
7619
5088
1292
214
341
6893
9026
6341
4499
5282
460
6248
2561
6997
4260
2516
35
2568
848
1792
9584
1799
1295
5293
5637
5873
6085
6327
3621
5256
8621
1763
4476
3894
9036
6760
7541
9535
3101
3293
3530
5200
3415
8912
7022
3335
9245
5623
5081
7486
1030
2157
6433
3241
1114